date,price,log_price,r
2016-02-19,26.45,3.2752561583043085,-0.013891719549223858
2016-02-22,26.8,3.288401887516811,0.013145729212502566
2016-02-23,26.53,3.2782761681496484,-0.010125719367162667
2016-02-24,26.73,3.2857865301508276,0.0075103620011791605
2016-02-25,26.96,3.2943542860441064,0.00856775589327885
2016-02-26,25.07,3.221671912170202,-0.0726823738739042
2016-02-29,24.88,3.2140642678709788,-0.007607644299223448
2016-03-01,25.28,3.2300135692786567,0.015949301407677918
2016-03-02,25.84,3.2519236789144013,0.02191010963574458
2016-03-03,26.05,3.260017768199376,0.008094089284974793
2016-03-04,26.46,3.2756341586868096,0.015616390487433573
2016-03-07,26.38,3.2726061472891685,-0.003028011397641084
2016-03-08,26.2,3.265759410767051,-0.006846736522117425
2016-03-09,26.38,3.2726061472891685,0.006846736522117425
2016-03-10,26.57,3.279782759771722,0.007176612482553413
2016-03-11,27.14,3.301008654406723,0.02122589463500102
2016-03-14,27.16,3.3017453026904953,0.0007366482837722899
2016-03-15,27.47,3.3130945001071823,0.011349197416687051
2016-03-16,27.74,3.3228754148866853,0.009780914779502936
2016-03-17,28.3,3.342861804649192,0.01998638976250655
2016-03-18,28.16,3.3379025312898416,-0.0049592733593502025
2016-03-21,28.17,3.338257581888281,0.00035505059843954356
2016-03-22,27.93,3.3297013799570854,-0.008556201931195773
2016-03-23,28.09,3.335413641116152,0.005712261159066756
2016-03-24,28.09,3.335413641116152,0.0
2016-03-28,28.13,3.3368366225017656,0.0014229813856134754
2016-03-29,28.65,3.3551534431607486,0.01831682065898299
2016-03-30,28.59,3.3530570063342204,-0.0020964368265281585
2016-03-31,28.63,3.354455119110024,0.001398112775803373
2016-04-01,28.95,3.3655702040190043,0.0111150849089805
2016-04-04,28.72,3.3575937441800234,-0.007976459838980876
2016-04-05,28.14,3.337192051686243,-0.02040169249378021
2016-04-06,27.76,3.3235961356386037,-0.013595916047639545
2016-04-07,27.65,3.3196257279683437,-0.003970407670260023
2016-04-08,28.22,3.340030946424668,0.02040521845632437
2016-04-11,27.81,3.3253956682458736,-0.014635278178794398
2016-04-12,28.08,3.3350575791576103,0.009661910911736626
2016-04-13,28.08,3.3350575791576103,0.0
2016-04-14,28.0,3.332204510175204,-0.002853068982406448
2016-04-15,28.34,3.3442742342625342,0.012069724087330425
2016-04-18,28.4,3.3463891451671604,0.0021149109046261216
2016-04-19,28.69,3.3565486299932736,0.010159484826113285
2016-04-20,28.17,3.338257581888281,-0.01829104810499249
2016-04-21,27.3,3.3068867021909143,-0.03137087969736685
2016-04-22,27.67,3.3203487937988347,0.013462091607920446
2016-04-25,27.9,3.32862668882732,0.008277895028485194
2016-04-26,28.35,3.3446270301737613,0.01600034134644135
2016-04-27,29.06,3.369362658142137,0.024735627968375695
2016-04-28,29.35,3.3792925462741055,0.00992988813196849
2016-04-29,29.59,3.3874364664121184,0.008143920138012906
2016-05-02,29.79,3.394172766725191,0.006736300313072707
2016-05-03,29.34,3.3789517727148355,-0.015220994010355593
2016-05-04,29.92,3.3985271531062766,0.019575380391441133
2016-05-05,30.28,3.410487428569248,0.011960275462971293
2016-05-06,29.94,3.3991953789914824,-0.011292049577765528
2016-05-09,30.09,3.4041928906419536,0.0049975116504712425
2016-05-10,30.52,3.4183822064162563,0.014189315774302713
2016-05-11,30.79,3.427189961936409,0.008807755520152671
2016-05-12,30.99,3.433664571799657,0.006474609863247771
2016-05-13,30.79,3.427189961936409,-0.006474609863247771
2016-05-16,30.76,3.4262151446374434,-0.0009748172989656467
2016-05-17,30.76,3.4262151446374434,0.0
2016-05-18,29.85,3.396184839838611,-0.030030304798832397
2016-05-19,30.34,3.4124669739203863,0.016282134081775368
2016-05-20,30.56,3.4196919642983197,0.007224990377933338
2016-05-23,30.21,3.4081729953985804,-0.011518968899739246
2016-05-24,30.45,3.416085994155906,0.007912998757325429
2016-05-25,30.31,3.4114776910697118,-0.004608303086194088
2016-05-26,30.49,3.4173987610001633,0.005921069930451495
2016-05-27,30.3,3.4111477125153233,-0.006251048484839927
2016-05-31,30.19,3.4075107437187473,-0.0036369687965760455
2016-06-01,30.45,3.416085994155906,0.008575250437158566
2016-06-02,30.63,3.421979920844684,0.005893926688778084
2016-06-03,30.96,3.4326960487215263,0.010716127876842396
2016-06-06,31.29,3.443298557680791,0.010602508959264512
2016-06-07,31.19,3.440097530619712,-0.0032010270610789426
2016-06-08,31.16,3.4391352210025476,-0.0009623096171642587
2016-06-09,31.48,3.4493524235492026,0.010217202546654924
2016-06-10,30.94,3.43204984514492,-0.01730257840428262
2016-06-13,31.02,3.4346321577483927,0.0025823126034727473
2016-06-14,30.8,3.427514689979529,-0.007117467768863683
2016-06-15,30.68,3.4236109764990554,-0.0039037134804735807
2016-06-16,30.93,3.4317265866969784,0.008115610197922951
2016-06-17,31.02,3.4346321577483927,0.002905571051414313
2016-06-20,30.99,3.433664571799657,-0.0009675859487359162
2016-06-21,31.15,3.4388142452334622,0.005149673433805457
2016-06-22,30.79,3.427189961936409,-0.011624283297053228
2016-06-23,31.24,3.441699324971485,0.014509363035076106
2016-06-24,31.46,3.4487168976301317,0.007017572658646554
2016-06-27,31.07,3.436242723404956,-0.012474174225175716
2016-06-28,31.55,3.4515735889872223,0.015330865582266373
2016-06-29,32.04,3.4669851222001586,0.015411533212936313
2016-06-30,32.75,3.488902962081261,0.021917839881102186
2016-07-01,32.61,3.484618989801228,-0.004283972280032966
2016-07-05,32.56,3.4830845411343394,-0.001534448666888455
2016-07-06,32.33,3.4759955917373415,-0.00708894939699789
2016-07-07,31.81,3.4597807057610526,-0.01621488597628895
2016-07-08,32.26,3.4738280726970627,0.014047366936010164
2016-07-11,32.39,3.477849733183238,0.00402166048617536
2016-07-12,32.13,3.4697901731277674,-0.008059560055470705
2016-07-13,32.1,3.4688560301359703,-0.0009341429917970601
2016-07-14,32.06,3.467609147181407,-0.001246882954563322
2016-07-15,32.06,3.467609147181407,0.0
2016-07-18,32.12,3.469478889078561,0.0018697418971540536
2016-07-19,32.0,3.4657359027997265,-0.0037429862788345147
2016-07-20,32.0,3.4657359027997265,0.0
2016-07-21,31.96,3.464485120898074,-0.001250781901652509
2016-07-22,32.67,3.4864572256129787,0.021972104714904628
2016-07-25,32.21,3.4722769633431074,-0.014180262269871236
2016-07-26,32.01,3.4660483539817717,-0.006228609361335735
2016-07-27,31.58,3.452524008827496,-0.013524345154275697
2016-07-28,31.57,3.4522073025699003,-0.00031670625759572246
2016-07-29,32.17,3.471034341250935,0.018827038681034747
2016-08-01,31.44,3.448080967561006,-0.022953373689929002
2016-08-02,30.98,3.4333418349887226,-0.014739132572283431
2016-08-03,31.11,3.4375293109095457,0.004187475920823136
2016-08-04,31.24,3.441699324971485,0.004170014061939398
2016-08-05,30.75,3.4258899942525267,-0.015809330718958403
2016-08-08,31.04,3.435276695315018,0.009386701062491287
2016-08-09,31.07,3.436242723404956,0.0009660280899379536
2016-08-10,31.13,3.4381719844535166,0.0019292610485606154
2016-08-11,31.51,3.4503049557691834,0.012132971315666818
2016-08-12,31.3,3.4436180975461075,-0.006686858223075909
2016-08-15,30.81,3.4278393126085764,-0.015778784937531043
2016-08-16,30.12,3.405189402931693,-0.022649909676883517
2016-08-17,30.43,3.4154289639088797,0.010239560977186812
2016-08-18,30.95,3.432372999130605,0.016944035221725162
2016-08-19,31.2,3.4404180948154366,0.008045095684831693
2016-08-22,31.59,3.4528406148139936,0.012422519998557036
2016-08-23,31.29,3.443298557680791,-0.009542057133202775
2016-08-24,31.26,3.4423393249933305,-0.000959232687460343
2016-08-25,31.14,3.4384931664058525,-0.0038461585874780546
2016-08-26,30.49,3.4173987610001633,-0.021094405405689187
2016-08-29,30.96,3.4326960487215263,0.015297287721363073
2016-08-30,30.9,3.4307561839036995,-0.0019398648178268196
2016-08-31,31.13,3.4381719844535166,0.007415800549817053
2016-09-01,30.78,3.426865128410733,-0.011306856042783586
2016-09-02,31.36,3.445533195482207,0.01866806707147406
2016-09-06,31.9,3.462606009790799,0.017072814308591866
2016-09-07,32.13,3.4697901731277674,0.007184163336968474
2016-09-08,32.47,3.4803165861147547,0.01052641298698731
2016-09-09,31.2,3.4404180948154366,-0.039898491299318106
2016-09-12,31.53,3.4509394735569696,0.010521378741533027
2016-09-13,30.68,3.4236109764990554,-0.02732849705791418
2016-09-14,30.85,3.4291367503513968,0.00552577385234132
2016-09-15,31.1,3.4372078191851885,0.008071068833791717
2016-09-16,31.44,3.448080967561006,0.010873148375817543
2016-09-19,31.85,3.4610373820181723,0.012956414457166332
2016-09-20,32.01,3.4660483539817717,0.005010971963599342
2016-09-21,32.82,3.4910380856619447,0.024989731680173044
2016-09-22,32.97,3.49559805708364,0.004559971421695064
2016-09-23,32.68,3.486763269991802,-0.008834787091837715
2016-09-26,32.81,3.4907333469730104,0.003970076981208326
2016-09-27,32.48,3.480624515293477,-0.01010883167953347
2016-09-28,32.72,3.487986511734546,0.007361996441069163
2016-09-29,32.11,3.4691675081014224,-0.01881900363312372
2016-09-30,31.62,3.453789831781326,-0.015377676320096345
2016-10-03,31.34,3.444895236927875,-0.008894594853451121
2016-10-04,30.48,3.4170707308184456,-0.027824506109429326
2016-10-05,30.37,3.4134552790576573,-0.0036154517607882575
2016-10-06,29.99,3.4008639927609177,-0.012591286296739668
2016-10-07,29.62,3.3884498088396526,-0.012414183921265032
2016-10-10,30.35,3.4127965175055075,0.024346708665854866
2016-10-11,29.89,3.3975239762958465,-0.015272541209661039
2016-10-12,30.08,3.403860499081639,0.006336522785792553
2016-10-13,30.35,3.4127965175055075,0.008936018423868486
2016-10-14,30.29,3.410817625039146,-0.001978892466361515
2016-10-17,30.45,3.416085994155906,0.0052683691167598745
2016-10-18,30.68,3.4236109764990554,0.007524982343149578
2016-10-19,30.74,3.4255647381104497,0.001953761611394267
2016-10-20,30.82,3.42816382989197,0.0025990917815201797
2016-10-21,30.55,3.4193646856176043,-0.008799144274365567
2016-10-24,30.62,3.4216533902295376,0.002288704611933312
2016-10-25,30.69,3.4239368686316447,0.0022834784021070753
2016-10-26,30.71,3.424588334452731,0.0006514658210861057
2016-10-27,30.64,3.4223063448723905,-0.0022819895803403156
2016-10-28,30.69,3.4239368686316447,0.00163052375925421
2016-10-31,31.04,3.435276695315018,0.0113398266833733
2016-11-01,30.25,3.4094961844768505,-0.02578051083816746
2016-11-02,29.73,3.3921566370100065,-0.017339547466844074
2016-11-03,29.86,3.3965197921110444,0.004363155101037908
2016-11-04,30.4,3.414442608412176,0.017922816301131572
2016-11-07,31.26,3.4423393249933305,0.027896716581154557
2016-11-08,31.59,3.4528406148139936,0.010501289820663118
2016-11-09,31.23,3.441379171294987,-0.011461443519006576
2016-11-10,30.4,3.414442608412176,-0.0269365628828111
2016-11-11,30.44,3.415757532993485,0.001314924581309107
2016-11-14,30.44,3.415757532993485,0.0
2016-11-15,31.2,3.4404180948154366,0.024660561821951532
2016-11-16,30.98,3.4333418349887226,-0.007076259826714004
2016-11-17,30.63,3.421979920844684,-0.011361914144038643
2016-11-18,30.85,3.4291367503513968,0.007156829506712814
2016-11-21,31.33,3.4445761049641,0.015439354612703404
2016-11-22,31.28,3.4429789156771102,-0.0015971892869899307
2016-11-23,31.2,3.4404180948154366,-0.0025608208616736405
2016-11-25,31.73,3.4572626055951043,0.016844510779667754
2016-11-28,32.07,3.4679210137050633,0.010658408109958994
2016-11-29,32.26,3.4738280726970627,0.005907058991999392
2016-11-30,31.65,3.4547381485901854,-0.019089924106877376
2016-12-01,31.84,3.460723360976182,0.005985212385996697
2016-12-02,32.34,3.4763048541489607,0.015581493172778682
2016-12-05,32.41,3.4784670171534557,0.00216216300449501
2016-12-06,32.04,3.4669851222001586,-0.0114818949532971
2016-12-07,32.41,3.4784670171534557,0.0114818949532971
2016-12-08,32.7,3.487375077903208,0.008908060749752256
2016-12-09,33.18,3.5019472847622986,0.014572206859090553
2016-12-12,33.67,3.516607233172983,0.014659948410684631
2016-12-13,33.89,3.52311998561896,0.006512752445976933
2016-12-14,33.25,3.5040547671018634,-0.01906521851709675
2016-12-15,33.59,3.5142284036242013,0.010173636522337937
2016-12-16,33.69,3.5172010574184616,0.0029726537942602604
2016-12-19,33.77,3.5195728343974766,0.002371776979015028
2016-12-20,33.77,3.5195728343974766,0.0
2016-12-21,33.57,3.5136328109919437,-0.0059400234055329015
2016-12-22,33.77,3.5195728343974766,0.0059400234055329015
2016-12-23,33.74,3.5186840771178223,-0.0008887572796543175
2016-12-27,33.75,3.518980417318539,0.00029634020071656053
2016-12-28,33.25,3.5040547671018634,-0.014925650216675468
2016-12-29,33.64,3.5157158351047473,0.011661068002883912
2016-12-30,33.45,3.5100517865742376,-0.005664048530509724
2017-01-03,33.51,3.511843901749219,0.0017921151749815678
2017-01-04,33.9,3.5234150143864045,0.011571112637185355
2017-01-05,33.79,3.5201649007261984,-0.003250113660206111
2017-01-06,33.82,3.5210523434704344,0.0008874427442360222
2017-01-09,33.14,3.500741011998417,-0.020311331472017358
2017-01-10,33.06,3.498324092392878,-0.002416919605539025
2017-01-11,33.47,3.510649515223235,0.012325422830357091
2017-01-12,33.7,3.517497837358316,0.00684832213508102
2017-01-13,33.75,3.518980417318539,0.0014825799602227185
2017-01-17,33.78,3.519868911379654,0.0008884940611153525
2017-01-18,33.7,3.517497837358316,-0.002371074021338071
2017-01-19,33.22,3.503152104185149,-0.014345733173167119
2017-01-20,33.4,3.5085558999826545,0.005403795797505495
2017-01-23,33.38,3.507956918233689,-0.0005989817489653326
2017-01-24,33.62,3.5151211279804695,0.007164209746780337
2017-01-25,33.8,3.520460802488973,0.005339674508503478
2017-01-26,33.66,3.51631018876266,-0.004150613726312979
2017-01-27,33.42,3.509154523167248,-0.007155665595412142
2017-01-30,33.24,3.5037539699872475,-0.005400553180000323
2017-01-31,33.54,3.5127387563950627,0.008984786407815193
2017-02-01,33.19,3.502248625731883,-0.01049013066317972
2017-02-02,33.52,3.5121422756138823,0.009893649881999256
2017-02-03,33.87,3.5225296668296804,0.010387391215798125
2017-02-06,33.89,3.52311998561896,0.0005903187892797312
2017-02-07,33.9,3.5234150143864045,0.0002950287674443608
2017-02-08,33.9,3.5234150143864045,0.0
2017-02-09,34.06,3.5281236752345424,0.004708660848137924
2017-02-10,34.27,3.5342703358865175,0.006146660651975111
2017-02-13,34.54,3.5421180727185324,0.007847736832014895
2017-02-14,34.31,3.5354368568703585,-0.006681215848173938
2017-02-15,34.19,3.5319332036512097,-0.0035036532191488057
2017-02-16,34.62,3.544431549748063,0.012498346096853297
2017-02-17,34.62,3.544431549748063,0.0
2017-02-21,34.95,3.5539184686798193,0.00948691893175635
2017-02-22,34.95,3.5539184686798193,0.0
2017-02-23,35.75,3.5765502691400166,0.022631800460197304
2017-02-24,36.11,3.5865698352893665,0.010019566149349846
2017-02-27,36.27,3.590990953294811,0.004421118005444757
2017-02-28,36.83,3.606312730456974,0.015321777162162764
2017-03-01,37.02,3.6114583071453517,0.005145576688377673
2017-03-02,36.98,3.610377225958979,-0.0010810811863728453
2017-03-03,36.74,3.6038660797869797,-0.006511146171999105
2017-03-06,36.7,3.6027767550605247,-0.0010893247264549544
2017-03-07,36.8,3.6054978451748854,0.0027210901143606137
2017-03-08,35.88,3.5801800371905954,-0.025317807984289953
2017-03-09,36.05,3.584906863730958,0.004726826540362605
2017-03-10,36.22,3.589611452455267,0.004704588724309122
2017-03-13,36.39,3.5942940116240685,0.004682559168801337
2017-03-14,36.25,3.590439381300684,-0.0038546303233846224
2017-03-15,36.91,3.608482517041907,0.018043135741223182
2017-03-16,36.62,3.6005945392463645,-0.007887977795542511
2017-03-17,36.79,3.605226069116683,0.0046315298703185626
2017-03-20,36.49,3.5970382504483562,-0.008187818668326852
2017-03-21,35.71,3.575430761606357,-0.021607488841999256
2017-03-22,35.63,3.5731879796177446,-0.0022427819886123856
2017-03-23,35.55,3.5709401562492498,-0.002247823368494828
2017-03-24,35.69,3.574870537502069,0.003930381252819082
2017-03-27,35.41,3.566994266123812,-0.00787627137825675
2017-03-28,35.61,3.5726264972896864,0.005632231165874302
2017-03-29,35.4,3.5667118201397288,-0.005914677149957637
2017-03-30,35.17,3.5601934464858913,-0.00651837365383745
2017-03-31,34.98,3.554776469590456,-0.005416976895435521
2017-04-03,34.9,3.5524868292083815,-0.002289640382074243
2017-04-04,35.18,3.560477739309412,0.00799091010103048
2017-04-05,35.28,3.5633162311385904,0.002838491829178391
2017-04-06,35.01,3.555633734966574,-0.007682496172016329
2017-04-07,34.81,3.5499047018233476,-0.005729033143226481
2017-04-10,34.66,3.54558628428746,-0.004318417535887686
2017-04-11,34.89,3.5522002551986827,0.006613970911222733
2017-04-12,34.76,3.548467300397191,-0.003732954801491495
2017-04-13,34.53,3.541828511401901,-0.006638788995290135
2017-04-17,34.65,3.5452977256359124,0.003469214234011364
2017-04-18,34.89,3.5522002551986827,0.006902529562770265
2017-04-19,34.82,3.550191934340043,-0.0020083208586396673
2017-04-20,34.74,3.5478917608129588,-0.002300173527084226
2017-04-21,35.16,3.559909072816976,0.012017312004017455
2017-04-24,35.27,3.563032744247961,0.003123671430984576
2017-04-25,35.02,3.555919326857706,-0.007113417390254728
2017-04-26,34.97,3.5544905510752844,-0.0014287757824216207
2017-04-27,34.96,3.5542045507873348,-0.0002860002879496726
2017-04-28,34.78,3.549042508926137,-0.005162041861197952
2017-05-01,34.52,3.541538866215227,-0.0075036427109096415
2017-05-02,34.56,3.542696943935855,0.0011580777206279258
2017-05-03,34.73,3.5476038667559826,0.004906922820127502
2017-05-04,34.33,3.5360196074696004,-0.011584259286382181
2017-05-05,34.29,3.534853766474829,-0.001165840994771461
2017-05-08,34.05,3.527830032595521,-0.00702373387930777
2017-05-09,33.61,3.5148236417370144,-0.013006390858506744
2017-05-10,33.93,3.5242995787961386,0.009475937059124195
2017-05-11,33.81,3.520756616719795,-0.0035429620763438585
2017-05-12,34.14,3.5304697173662944,0.009713100646499662
2017-05-15,34.24,3.5333945512735414,0.00292483390724696
2017-05-16,33.88,3.522824869783854,-0.010569681489687621
2017-05-17,33.81,3.520756616719795,-0.0020682530640590002
2017-05-18,33.92,3.5240048109237025,0.0032481942039077616
2017-05-19,34.22,3.5328102684640474,0.008805457540344896
2017-05-22,34.65,3.5452977256359124,0.012487457171864946
2017-05-23,34.78,3.549042508926137,0.0037447832902244294
2017-05-24,35.1,3.55820113047182,0.009158621545683143
2017-05-25,35.28,3.5633162311385904,0.005115100666770456
2017-05-26,35.15,3.5596246182566738,-0.0036916128819166616
2017-05-30,35.34,3.5650154668915506,0.005390848634876821
2017-05-31,35.63,3.5731879796177446,0.008172512726194014
2017-06-01,35.92,3.581294243433999,0.008106263816254344
2017-06-02,35.79,3.5776685247779345,-0.003625718656064425
2017-06-05,35.72,3.575710756008298,-0.001957768769636381
2017-06-06,35.8,3.5779478934066544,0.0022371373983562926
2017-06-07,35.58,3.571783682237689,-0.006164211168965483
2017-06-08,35.57,3.571502585960364,-0.000281096277324977
2017-06-09,35.37,3.5658640032173894,-0.005638582742974574
2017-06-12,35.53,3.5703774100329357,0.00451340681554635
2017-06-13,35.53,3.5703774100329357,0.0
2017-06-14,35.64,3.573468602602609,0.0030911925696730513
2017-06-15,35.99,3.5832411220909393,0.009772519488330467
2017-06-16,36.47,3.596490004820589,0.013248882729649747
2017-06-19,35.81,3.5782271840103412,-0.01826282081024777
2017-06-20,35.43,3.5675589188773804,-0.010668265132960819
2017-06-21,35.32,3.564449375735759,-0.0031095431416212627
2017-06-22,35.49,3.569250966658405,0.004801590922645982
2017-06-23,35.47,3.5686872687855304,-0.0005636978728746911
2017-06-26,35.8,3.5779478934066544,0.00926062462112398
2017-06-27,35.41,3.566994266123812,-0.010953627282842326
2017-06-28,35.1,3.55820113047182,-0.008793135651992134
2017-06-29,34.9,3.5524868292083815,-0.005714301263438415
2017-06-30,34.79,3.5493299891638506,-0.003156840044530984
2017-07-03,34.83,3.5504790843779097,0.0011490952140591482
2017-07-05,34.64,3.5450090836942345,-0.005470000683675202
2017-07-06,34.23,3.533102452542094,-0.011906631152140523
2017-07-07,34.22,3.5328102684640474,-0.00029218407804654234
2017-07-10,34.21,3.5325179989895132,-0.0002922694745342014
2017-07-11,34.14,3.5304697173662944,-0.002048281623218795
2017-07-12,34.64,3.5450090836942345,0.014539366327940062
2017-07-13,34.44,3.53921867955953,-0.005790404134704552
2017-07-14,34.57,3.5429862539335333,0.003767574374003324
2017-07-17,34.69,3.5464514609816584,0.0034652070481251407
2017-07-18,34.82,3.550191934340043,0.003740473358384566
2017-07-19,34.99,3.5550623063795967,0.004870372039553761
2017-07-20,35.2,3.5610460826040513,0.005983776224454562
2017-07-21,35.42,3.5672766323546874,0.006230549750636083
2017-07-24,35.58,3.571783682237689,0.004507049883001546
2017-07-25,35.65,3.573749146860305,0.001965464622616153
2017-07-26,35.62,3.5729072778615154,-0.0008418689987896855
2017-07-27,35.81,3.5782271840103412,0.005319906148825826
2017-07-28,35.8,3.5779478934066544,-0.00027929060368681036
2017-07-31,35.86,3.5796224681769866,0.0016745747703321712
2017-08-01,35.9,3.580737295494233,0.0011148273172465473
2017-08-02,35.74,3.576270509731282,-0.004466785762951009
2017-08-03,36.01,3.583796677660784,0.007526167929501781
2017-08-04,35.91,3.5810158082379915,-0.0027808694227924313
2017-08-07,36.22,3.589611452455267,0.008595644217275655
2017-08-08,36.24,3.5901634811747787,0.0005520287195115436
2017-08-09,36.03,3.5843519247600018,-0.0058115564147769305
2017-08-10,35.7,3.5751506887855933,-0.009201235974408473
2017-08-11,35.42,3.5672766323546874,-0.007874056430905885
2017-08-14,35.47,3.5686872687855304,0.0014106364308430486
2017-08-15,35.51,3.5698143469549963,0.0011270781694658893
2017-08-16,35.65,3.573749146860305,0.003934799905308761
2017-08-17,35.39,3.566429294357372,-0.007319852502932989
2017-08-18,35.59,3.5720646995221013,0.005635405164729157
2017-08-21,35.76,3.576829950305313,0.004765250783211883
2017-08-22,36.12,3.5868467285487844,0.010016778243471247
2017-08-23,36.29,3.591542221224979,0.004695492676194402
2017-08-24,36.26,3.590715205326705,-0.0008270158982739417
2017-08-25,36.22,3.589611452455267,-0.0011037528714377132
2017-08-28,36.41,3.594843462187342,0.005232009732075049
2017-08-29,36.18,3.588506479967149,-0.006336982220193299
2017-08-30,36.11,3.5865698352893665,-0.0019366446777824287
2017-08-31,35.72,3.575710756008298,-0.010859079281068329
2017-09-01,35.76,3.576829950305313,0.0011191942970150137
2017-09-05,35.58,3.571783682237689,-0.0050462680676242044
2017-09-06,35.7,3.5751506887855933,0.0033670065479043387
2017-09-07,36.02,3.58407433974781,0.008923650962216811
2017-09-08,36.15,3.5876769486047735,0.0036026088569633963
2017-09-11,36.59,3.5997749790311153,0.012098030426341833
2017-09-12,36.16,3.5879535355239756,-0.011821443507139762
2017-09-13,35.95,3.5821290841670557,-0.005824451356919891
2017-09-14,36.27,3.590990953294811,0.00886186912775555
2017-09-15,36.31,3.5920931854262443,0.001102232131433123
2017-09-18,36.22,3.589611452455267,-0.002481732970977202
2017-09-19,36.25,3.590439381300684,0.0008279288454167144
2017-09-20,36.11,3.5865698352893665,-0.003869546011317393
2017-09-21,35.88,3.5801800371905954,-0.006389798098771049
2017-09-22,35.84,3.57906458810673,-0.0011154490838656272
2017-09-25,36.27,3.590990953294811,0.011926365188081434
2017-09-26,36.18,3.588506479967149,-0.0024844733276623288
2017-09-27,36.02,3.58407433974781,-0.004432140219338798
2017-09-28,36.18,3.588506479967149,0.004432140219338798
2017-09-29,36.03,3.5843519247600018,-0.004154555207147137
2017-10-02,36.17,3.5882300459640066,0.0038781212040048807
2017-10-03,36.16,3.5879535355239756,-0.0002765104400310747
2017-10-04,36.15,3.5876769486047735,-0.0002765869192020709
2017-10-05,36.32,3.5923685537330927,0.004691605128319232
2017-10-06,35.58,3.571783682237689,-0.020584871495403778
2017-10-09,35.75,3.5765502691400166,0.004766586902327674
2017-10-10,36.2,3.5890591188317256,0.012508849691708956
2017-10-11,36.47,3.596490004820589,0.007430885988863434
2017-10-12,36.85,3.6068556186353455,0.010365613814756536
2017-10-13,36.82,3.6060411758049318,-0.0008144428304137641
2017-10-16,36.72,3.6033215657522897,-0.0027196100526420963
2017-10-17,36.92,3.6087534096346516,0.005431843882361953
2017-10-18,36.87,3.607398212246053,-0.0013551973885985724
2017-10-19,36.92,3.6087534096346516,0.0013551973885985724
2017-10-20,37.09,3.6133473915014993,0.004593981866847674
2017-10-23,37.23,3.6171148878846253,0.003767496383126012
2017-10-24,37.0,3.6109179126442243,-0.00619697524040097
2017-10-25,36.73,3.6035938598315758,-0.007324052812648585
2017-10-26,36.82,3.6060411758049318,0.0024473159733560124
2017-10-27,37.08,3.6130777406976544,0.007036564892722641
2017-10-30,36.9,3.6082115510464816,-0.004866189651172803
2017-10-31,36.84,3.6065842113871063,-0.0016273396593753375
2017-11-01,36.6,3.6000482404073204,-0.006535970979785866
2017-11-02,36.06,3.585184217775171,-0.014864022632149254
2017-11-03,35.63,3.5731879796177446,-0.011996238157426564
2017-11-06,35.38,3.566146688731639,-0.0070412908861055
2017-11-07,35.84,3.57906458810673,0.012917899375090691
2017-11-08,35.73,3.5759906720353185,-0.0030739160714112757
2017-11-09,35.53,3.5703774100329357,-0.005613262002382768
2017-11-10,35.01,3.555633734966574,-0.01474367506636165
2017-11-13,35.12,3.558770768766916,0.003137033800341804
2017-11-14,35.85,3.5793435670456293,0.02057279827871339
2017-11-15,35.55,3.5709401562492498,-0.008403410796379518
2017-11-16,35.44,3.56784112573688,-0.003099030512369705
2017-11-17,35.2,3.5610460826040513,-0.006795043132828749
2017-11-20,34.94,3.5536323047059106,-0.007413777898140683
2017-11-21,34.82,3.550191934340043,-0.00344037036586764
2017-11-22,34.91,3.5527733211169448,0.002581386776901784
2017-11-24,34.9,3.5524868292083815,-0.0002864919085632245
2017-11-27,35.13,3.559055466277736,0.006568637069354288
2017-11-28,35.4,3.5667118201397288,0.007656353861992926
2017-11-29,35.28,3.5633162311385904,-0.003395589001138344
2017-11-30,35.76,3.576829950305313,0.013513719166722726
2017-12-01,35.23,3.561897992353146,-0.014931957952167174
2017-12-04,35.05,3.5567756134805992,-0.00512237887254674
2017-12-05,34.27,3.5342703358865175,-0.02250527759408172
2017-12-06,34.13,3.530176762918616,-0.004093572967901693
2017-12-07,34.65,3.5452977256359124,0.015120962717296571
2017-12-08,34.46,3.5397992310997837,-0.005498494536128717
2017-12-11,34.55,3.542407550213679,0.002608319113895252
2017-12-12,34.05,3.527830032595521,-0.014577517618157732
2017-12-13,33.89,3.52311998561896,-0.0047100469765610775
2017-12-14,33.85,3.521938999358284,-0.0011809862606759758
2017-12-15,34.15,3.530762586016799,0.008823586658514682
2017-12-18,33.81,3.520756616719795,-0.010005969297004036
2017-12-19,33.34,3.506757877322648,-0.013998739397146576
2017-12-20,32.97,3.49559805708364,-0.011159820239008411
2017-12-21,32.66,3.4861510875423187,-0.00944696954132107
2017-12-22,33.01,3.4968105458651015,0.010659458322782811
2017-12-26,32.83,3.4913427315135013,-0.005467814351600264
2017-12-27,32.75,3.488902962081261,-0.002439769432240446
2017-12-28,33.0,3.4965075614664802,0.007604599385219402
2017-12-29,32.91,3.4937765629552486,-0.002730998511231597
2018-01-02,32.67,3.4864572256129787,-0.0073193373422699715
2018-01-03,32.66,3.4861510875423187,-0.0003061380706599337
2018-01-04,32.6,3.484312288372662,-0.0018387991696569017
2018-01-05,32.5,3.481240089335692,-0.0030721990369699803
2018-01-08,32.75,3.488902962081261,0.007662872745568983
2018-01-09,32.1,3.4688560301359703,-0.020046931945290503
2018-01-10,30.89,3.43043250693049,-0.03842352320548015
2018-01-11,31.25,3.4420193761824107,0.01158686925192054
2018-01-12,30.74,3.4255647381104497,-0.016454638071961014
2018-01-16,30.98,3.4333418349887226,0.007777096878272882
2018-01-17,31.4,3.4468078929142076,0.013466057925485053
2018-01-18,31.33,3.4445761049641,-0.0022317879501074778
2018-01-19,31.42,3.4474446328274753,0.0028685278633751032
2018-01-22,31.57,3.4522073025699003,0.0047626697424250075
2018-01-23,31.86,3.4613513044819024,0.009144001912002153
2018-01-24,32.13,3.4697901731277674,0.008438868645864961
2018-01-25,32.3,3.475067230228611,0.005277057100843585
2018-01-26,32.14,3.4701013603093664,-0.0049658699192445255
2018-01-29,31.71,3.456632088550256,-0.013469271759110502
2018-01-30,31.71,3.456632088550256,0.0
2018-01-31,32.2,3.4719664525503626,0.015334364000106682
2018-02-01,31.93,3.4635460067266908,-0.008420445823671852
2018-02-02,31.35,3.4452142670789296,-0.018331739647761136
2018-02-05,30.69,3.4239368686316447,-0.021277398447284934
2018-02-06,30.28,3.410487428569248,-0.013449440062396789
2018-02-07,30.28,3.410487428569248,0.0
2018-02-08,29.6,3.3877743613300146,-0.022713067239233276
2018-02-09,30.39,3.414113606928702,0.026339245598687278
2018-02-12,30.87,3.429784838514068,0.015671231585366208
2018-02-13,30.96,3.4326960487215263,0.0029112102074582147
2018-02-14,30.78,3.426865128410733,-0.005830920310793353
2018-02-15,31.34,3.444895236927875,0.01803010851714193
2018-02-16,31.56,3.4518904959776733,0.0069952590497983635
2018-02-20,31.21,3.440738556282688,-0.011151939694985291
2018-02-21,30.82,3.42816382989197,-0.012574726390718105
2018-02-22,31.47,3.4490347110763153,0.020870881184345436
2018-02-23,32.95,3.4949912609485163,0.04595654987220099
2018-02-26,32.28,3.474447843401748,-0.02054341754676825
2018-02-27,31.58,3.452524008827496,-0.021923834574252066
2018-02-28,31.34,3.444895236927875,-0.0076287718996210785
2018-03-01,31.54,3.451256581534892,0.006361344607017205
2018-03-02,31.19,3.440097530619712,-0.011159050915180213
2018-03-05,31.92,3.463232772581608,0.023135241961896202
2018-03-06,31.2,3.4404180948154366,-0.02281467776617152
2018-03-07,30.88,3.4301087251565754,-0.0103093696588612
2018-03-08,31.22,3.441058915087286,0.010950189930710508
2018-03-09,31.35,3.4452142670789296,0.004155351991643741
2018-03-12,31.45,3.4483989831464497,0.0031847160675200215
2018-03-13,31.52,3.4506222649896783,0.0022232818432286194
2018-03-14,31.79,3.459151774922711,0.00852950993303292
2018-03-15,31.62,3.453789831781326,-0.0053619431413851615
2018-03-16,32.0,3.4657359027997265,0.011946071018400506
2018-03-19,31.89,3.4622924810219664,-0.003443421777760136
2018-03-20,31.78,3.45883716110857,-0.0034553199133964263
2018-03-21,31.79,3.459151774922711,0.00031461381414121803
2018-03-22,31.81,3.4597807057610526,0.0006289308383413683
2018-03-23,31.43,3.447762850809476,-0.012017854951576368
2018-03-26,31.81,3.4597807057610526,0.012017854951576368
2018-03-27,32.26,3.4738280726970627,0.014047366936010164
2018-03-28,32.33,3.4759955917373415,0.002167519040278787
2018-03-29,32.77,3.489513462710723,0.01351787097338164
2018-04-02,32.12,3.469478889078561,-0.0200345736321621
2018-04-03,32.54,3.482470101790892,0.012991212712330835
2018-04-04,32.27,3.4741380060638707,-0.008332095727021205
2018-04-05,32.85,3.4919517449306197,0.017813738866748974
2018-04-06,32.37,3.4772320679381528,-0.014719676992466901
2018-04-09,32.07,3.4679210137050633,-0.009311054233089422
2018-04-10,31.8,3.459466289786131,-0.008454723918932316
2018-04-11,31.8,3.459466289786131,0.0
2018-04-12,31.56,3.4518904959776733,-0.0075757938084577425
2018-04-13,31.61,3.4534735262275262,0.001583030249852957
2018-04-16,32.3,3.475067230228611,0.021593704001084735
2018-04-17,32.62,3.4849255971928677,0.009858366964256682
2018-04-18,32.75,3.488902962081261,0.003977364888393176
2018-04-19,32.76,3.4892082589848687,0.00030529690360792117
2018-04-20,32.47,3.4803165861147547,-0.008891672870114053
2018-04-23,32.51,3.481547734315814,0.0012311482010591845
2018-04-24,32.8,3.490428515390098,0.008880781074283917
2018-04-25,32.8,3.490428515390098,0.0
2018-04-26,32.91,3.4937765629552486,0.0033480475651508357
2018-04-27,32.91,3.4937765629552486,0.0
2018-04-30,32.87,3.4925603876761278,-0.001216175279120879
2018-05-01,32.83,3.4913427315135013,-0.0012176561626264792
2018-05-02,33.1,3.4995332823830174,0.008190550869516144
2018-05-03,33.74,3.5186840771178223,0.019150794734804855
2018-05-04,34.17,3.5313480661272005,0.012663989009378263
2018-05-07,34.33,3.5360196074696004,0.0046715413423998875
2018-05-08,33.82,3.5210523434704344,-0.014967263999166036
2018-05-09,33.6,3.5145260669691587,-0.006526276501275685
2018-05-10,34.24,3.5333945512735414,0.018868484304382704
2018-05-11,34.23,3.533102452542094,-0.00029209873144742105
2018-05-14,33.99,3.5260663637080247,-0.007036088834069254
2018-05-15,33.64,3.5157158351047473,-0.010350528603277453
2018-05-16,33.61,3.5148236417370144,-0.0008921933677328298
2018-05-17,33.31,3.5058576522055884,-0.008965989531426022
2018-05-18,33.35,3.507057772361633,0.0012001201560445374
2018-05-21,33.64,3.5157158351047473,0.008658062743114314
2018-05-22,33.65,3.5160130560907366,0.00029722098598927715
2018-05-23,34.08,3.528710701961115,0.012697645870378249
2018-05-24,34.36,3.536893097116055,0.008182395154940014
2018-05-25,34.39,3.537765824444175,0.0008727273281201597
2018-05-29,34.47,3.540089380528774,0.002323556084598888
2018-05-30,35.09,3.5579161895951237,0.017826809066349814
2018-05-31,35.02,3.555919326857706,-0.001996862737417615
2018-06-01,34.38,3.5374749999547035,-0.018444326903002572
2018-06-04,34.49,3.5406694269487495,0.00319442699404604
2018-06-05,34.32,3.5357282746197614,-0.004941152328988174
2018-06-06,33.61,3.5148236417370144,-0.02090463288274691
2018-06-07,33.76,3.5192766697277564,0.004453027990741987
2018-06-08,33.75,3.518980417318539,-0.0002962524092176011
2018-06-11,33.24,3.5037539699872475,-0.015226447331291304
2018-06-12,33.8,3.520460802488973,0.016706832501725444
2018-06-13,34.0,3.5263605246161616,0.005899722127188589
2018-06-14,34.56,3.542696943935855,0.01633641931969354
2018-06-15,34.22,3.5328102684640474,-0.00988667547180766
2018-06-18,34.29,3.534853766474829,0.0020434980107815193
2018-06-19,34.49,3.5406694269487495,0.00581566047392057
2018-06-20,34.5,3.5409593240373143,0.00028989708856475005
2018-06-21,34.8,3.5496173867804286,0.008658062743114314
2018-06-22,34.96,3.5542045507873348,0.004587164006906175
2018-06-25,35.29,3.5635996376871786,0.009395086899843808
2018-06-26,35.04,3.5564902660681907,-0.007109371618987836
2018-06-27,35.07,3.5573460641520867,0.0008557980838959089
2018-06-28,35.12,3.558770768766916,0.001424704614829242
2018-06-29,35.21,3.5613301331669613,0.0025593644000454496
2018-07-02,35.08,3.5576311675039825,-0.0036989656629788925
2018-07-03,35.19,3.5607619513334936,0.0031307838295111523
2018-07-05,35.28,3.5633162311385904,0.002554279805096815
2018-07-06,35.63,3.5731879796177446,0.009871748479154174
2018-07-09,34.34,3.5363108554693294,-0.03687712414841515
2018-07-10,34.77,3.5487549460197703,0.012444090550440823
2018-07-11,35.22,3.56161410306806,0.01285915704828966
2018-07-12,35.39,3.566429294357372,0.004815191289312182
2018-07-13,35.42,3.5672766323546874,0.0008473379973152895
2018-07-16,35.29,3.5635996376871786,-0.003676994667508815
2018-07-17,35.24,3.562181801067979,-0.0014178366191996972
2018-07-18,35.46,3.5684053006460617,0.0062234995780827695
2018-07-19,36.13,3.587123545159549,0.01871824451348747
2018-07-20,35.79,3.5776685247779345,-0.00945502038161461
2018-07-23,35.71,3.575430761606357,-0.0022377631715775337
2018-07-24,35.76,3.576829950305313,0.0013991886989561664
2018-07-25,35.94,3.581850881355413,0.005020931050099708
2018-07-26,36.17,3.5882300459640066,0.006379164608593779
2018-07-27,36.17,3.5882300459640066,0.0
2018-07-30,35.95,3.5821290841670557,-0.0061009617969509655
2018-07-31,36.24,3.5901634811747787,0.008034397007723015
2018-08-01,35.9,3.580737295494233,-0.00942618568054554
2018-08-02,36.12,3.5868467285487844,0.00610943305455125
2018-08-03,36.23,3.5898875049069856,0.0030407763582012137
2018-08-06,36.36,3.5934692693092782,0.003581764402292631
2018-08-07,36.36,3.5934692693092782,0.0
2018-08-08,36.31,3.5920931854262443,-0.0013760838830338962
2018-08-09,36.88,3.607669398688393,0.015576213262148642
2018-08-10,36.89,3.607940511608584,0.0002711129201911078
2018-08-13,36.59,3.5997749790311153,-0.00816553257746877
2018-08-14,36.92,3.6087534096346516,0.008978430603536314
2018-08-15,36.96,3.6098362467734835,0.001082837138831838
2018-08-16,37.54,3.6254070311583626,0.015570784384879133
2018-08-17,37.56,3.6259396543400624,0.0005326231816997762
2018-08-20,37.42,3.6222053208459437,-0.003734333494118669
2018-08-21,37.14,3.61469455592456,-0.007510764921383917
2018-08-22,36.88,3.607669398688393,-0.007025157236166812
2018-08-23,36.88,3.607669398688393,0.0
2018-08-24,37.1,3.6136169696133895,0.005947570924996537
2018-08-27,36.9,3.6082115510464816,-0.005405418566907905
2018-08-28,36.91,3.608482517041907,0.00027096599542542066
2018-08-29,36.95,3.609565647394211,0.001083130352304007
2018-08-30,36.9,3.6082115510464816,-0.0013540963477294277
2018-08-31,36.83,3.606312730456974,-0.0018988205895076327
2018-09-04,36.75,3.6041382256588457,-0.002174504798128307
2018-09-05,37.28,3.6184569898173904,0.014318764158544717
2018-09-06,37.5,3.624340932976365,0.00588394315897478
2018-09-07,37.03,3.6117283949255214,-0.012612538050843725
2018-09-10,37.58,3.6264719939853194,0.01474359905979794
2018-09-11,37.38,3.6211358020274167,-0.005336191957902692
2018-09-12,37.21,3.6165775423585313,-0.004558259668885345
2018-09-13,37.42,3.6222053208459437,0.00562777848741236
2018-09-14,37.39,3.6214032889890224,-0.0008020318569212925
2018-09-17,37.31,3.6192613872330663,-0.002141901755956077
2018-09-18,37.11,3.613886475072506,-0.005374912160560186
2018-09-19,36.27,3.590990953294811,-0.022895521777694938
2018-09-20,36.56,3.5989547465859495,0.007963793291138277
2018-09-21,36.69,3.6025042383671906,0.0035494917812410876
2018-09-24,36.52,3.597860055726768,-0.004644182640422656
2018-09-25,35.79,3.5776685247779345,-0.020191530948833414
2018-09-26,35.3,3.563882963939251,-0.01378556083868343
2018-09-27,35.68,3.5745903077118086,0.010707343772557554
2018-09-28,36.32,3.5923685537330927,0.017778246021284083
2018-10-01,36.36,3.5934692693092782,0.001100715576185518
2018-10-02,36.75,3.6041382256588457,0.010668956349567438
2018-10-03,36.27,3.590990953294811,-0.013147272364034457
2018-10-04,36.64,3.6011405398059297,0.010149586511118525
2018-10-05,37.03,3.6117283949255214,0.010587855119591705
2018-10-08,37.58,3.6264719939853194,0.01474359905979794
2018-10-09,37.51,3.624607564093796,-0.001864429891523578
2018-10-10,37.27,3.618188713491167,-0.006418850602628812
2018-10-11,36.28,3.591266625246936,-0.026922088244230924
2018-10-12,36.39,3.5942940116240685,0.0030273863771324017
2018-10-15,36.5,3.597312260588446,0.0030182489643775234
2018-10-16,37.11,3.613886475072506,0.016574214484060157
2018-10-17,37.31,3.6192613872330663,0.005374912160560186
2018-10-18,37.22,3.616846251214105,-0.0024151360189614834
2018-10-19,37.77,3.6315151367243654,0.014668885510260576
2018-10-22,37.32,3.619529375979143,-0.011985760745222507
2018-10-23,37.1,3.6136169696133895,-0.005912406365753409
2018-10-24,37.65,3.6283329542459026,0.014715984632513113
2018-10-25,37.19,3.6160399079369787,-0.012293046308923916
2018-10-26,36.54,3.5984075509498608,-0.01763235698711796
2018-10-29,37.08,3.6130777406976544,0.01467018974779366
2018-10-30,36.91,3.608482517041907,-0.0045952236557473825
2018-10-31,36.15,3.5876769486047735,-0.020805568437133548
2018-11-01,36.06,3.585184217775171,-0.00249273082960233
2018-11-02,35.76,3.576829950305313,-0.008354267469858012
2018-11-05,36.58,3.5995016429627196,0.022671692657406428
2018-11-06,37.21,3.6165775423585313,0.017075899395811778
2018-11-07,37.45,3.6230067099632284,0.006429167604697028
2018-11-08,37.7,3.629660094453965,0.006653384490736602
2018-11-09,38.23,3.6436205477083212,0.013960453254356242
2018-11-12,38.56,3.652215469742345,0.008594922034023789
2018-11-13,39.16,3.6676558176623097,0.015440347919964736
2018-11-14,38.89,3.660737148167656,-0.006918669494653695
2018-11-15,39.34,3.672241812960913,0.011504664793256847
2018-11-16,39.16,3.6676558176623097,-0.004585995298603152
2018-11-19,39.51,3.6765538044232993,0.008897986760989518
2018-11-20,39.21,3.6689318163042404,-0.007621988119058898
2018-11-21,38.82,3.658935577740864,-0.00999623856337628
2018-11-23,38.97,3.662792119350618,0.003856541609753794
2018-11-26,39.02,3.6640743351949654,0.0012822158443475118
2018-11-27,39.26,3.670206188848315,0.006131853653349673
2018-11-28,39.11,3.666378188767423,-0.0038280000808921244
2018-11-29,38.89,3.660737148167656,-0.005641040599766889
2018-11-30,39.62,3.6793340412704048,0.0185968931027487
2018-12-03,39.92,3.686877451443263,0.007543410172858422
2018-12-04,40.07,3.6906279246480533,0.0037504732047901612
2018-12-06,40.36,3.6978391954854084,0.007211270837355066
2018-12-07,40.46,3.7003138317395994,0.002474636254190976
2018-12-10,40.79,3.708436953329467,0.008123121589867832
2018-12-11,41.28,3.720378121173307,0.011941167843839917
2018-12-12,41.25,3.71965111278069,-0.00072700839261719
2018-12-13,41.63,3.728821061206884,0.009169948426194008
2018-12-14,41.6,3.728100167267218,-0.0007208939396661229
2018-12-17,40.14,3.692373343368192,-0.03572682389902582
2018-12-18,40.14,3.692373343368192,0.0
2018-12-19,39.83,3.684620397193553,-0.007752946174639064
2018-12-20,40.03,3.6896291730044823,0.0050087758109294
2018-12-21,39.92,3.686877451443263,-0.002751721561219167
2018-12-24,38.22,3.643358938812127,-0.043518512631136375
2018-12-26,38.82,3.658935577740864,0.015576638928737285
2018-12-27,39.21,3.6689318163042404,0.00999623856337628
2018-12-28,39.05,3.664842876285695,-0.004088940018545539
2018-12-31,39.19,3.66842161221154,0.0035787359258452334
2019-01-02,38.26,3.644404964012107,-0.024016648199433277
2019-01-03,38.6,3.653252276470785,0.008847312458678314
2019-01-04,39.21,3.6689318163042404,0.01567953983345527
2019-01-07,39.0,3.6635616461296463,-0.005370170174594069
2019-01-08,39.91,3.686626919060642,0.023065272930995917
2019-01-09,39.47,3.675540889674756,-0.01108602938588632
2019-01-10,40.11,3.6916256797819615,0.01608479010720565
2019-01-11,39.72,3.681854839176972,-0.009770840604989672
2019-01-14,39.32,3.671733295278966,-0.010121543898006014
2019-01-15,39.98,3.6883793290722537,0.016646033793287884
2019-01-16,39.99,3.688629422858727,0.00025009378647311564
2019-01-17,40.19,3.6936182084611096,0.004988785602382695
2019-01-18,40.28,3.6958550678503617,0.0022368593892521105
2019-01-22,40.25,3.6951100038645723,-0.0007450639857893293
2019-01-23,40.82,3.709172157381699,0.014062153517126585
2019-01-24,41.11,3.716251400909787,0.007079243528087975
2019-01-25,40.31,3.6965995771290743,-0.01965182378071262
2019-01-28,40.21,3.6941157209091826,-0.002483856219891667
2019-01-29,40.07,3.6906279246480533,-0.0034877962611292723
2019-01-30,40.27,3.695606774863363,0.004978850215309638
2019-01-31,40.95,3.7123518102990785,0.016745035435715483
2019-02-01,40.66,3.7052448082002005,-0.007107002098877935
2019-02-04,40.8,3.708682081410116,0.0034372732099154923
2019-02-05,40.7,3.7062280924485496,-0.0024539889615664556
2019-02-06,40.51,3.701548857214599,-0.004679235233950418
2019-02-07,41.22,3.718923575462313,0.01737471824771397
2019-02-08,41.26,3.7198935076431057,0.0009699321807925543
2019-02-11,41.44,3.7242465979512276,0.004353090308121921
2019-02-12,41.47,3.7249702742582897,0.0007236763070621599
2019-02-13,41.67,3.7297814454343623,0.004811171176072548
2019-02-14,41.64,3.7290612437467683,-0.0007202016875940132
2019-02-15,41.88,3.734808386002336,0.0057471422555677165
2019-02-19,41.93,3.7360015611826713,0.0011931751803353485
2019-02-20,41.94,3.7362400254737738,0.00023846429110241374
2019-02-21,42.6,3.751854253275325,0.015614227801551195
2019-02-22,42.79,3.7563044304287256,0.004450177153400681
2019-02-25,42.24,3.743367639398006,-0.01293679103071943
2019-02-26,41.92,3.735763040012787,-0.007604599385219402
2019-02-27,42.3,3.744787086052232,0.009024046039445288
2019-02-28,42.52,3.749974553473747,0.005187467421515102
2019-03-01,42.43,3.7478556592142334,-0.002118894259513837
2019-03-04,42.34,3.745732265706719,-0.0021233935075142263
2019-03-05,42.05,3.738859386418957,-0.006872879287762146
2019-03-06,41.96,3.7367167835280966,-0.0021426028908604344
2019-03-07,42.11,3.740285242173836,0.003568458645739625
2019-03-08,42.37,3.7464405646384678,0.006155322464631574
2019-03-11,42.74,3.755135249891002,0.008694685252534029
2019-03-12,42.91,3.7591048990034333,0.0039696491124314726
2019-03-13,42.79,3.7563044304287256,-0.0028004685747076152
2019-03-14,42.83,3.7572387916272794,0.0009343611985537237
2019-03-15,43.11,3.763754988759043,0.006516197131763768
2019-03-18,42.85,3.7577056450437887,-0.006049343715254452
2019-03-19,41.96,3.7367167835280966,-0.020988861515692125
2019-03-20,42.26,3.7438410121879104,0.00712422865981388
2019-03-21,42.82,3.757005283161537,0.01316427097362638
2019-03-22,43.11,3.763754988759043,0.006749705597506317
2019-03-25,43.37,3.7697679578472747,0.006012969088231568
2019-03-26,43.66,3.7764323511217976,0.006664393274522951
2019-03-27,43.42,3.7709201644501458,-0.005512186671651875
2019-03-28,42.84,3.757472245579548,-0.013447918870597597
2019-03-29,43.12,3.7639869266007415,0.006514681021193347
2019-04-01,42.93,3.7595708822364693,-0.004416044364272231
2019-04-02,42.72,3.7546671946519394,-0.004903687584529859
2019-04-03,42.68,3.7537304264335525,-0.0009367682183869519
2019-04-04,42.51,3.749739342370699,-0.003991084062853645
2019-04-05,43.07,3.7628266990660193,0.013087356695320462
2019-04-08,42.47,3.74879794432518,-0.014028754740839311
2019-04-09,42.07,3.7393348976024297,-0.009463046722750335
2019-04-10,41.91,3.73552446193698,-0.0038104356654495852
2019-04-11,42.04,3.7386215460087504,0.0030970840717703396
2019-04-12,42.16,3.741471904233107,0.0028503582243564196
2019-04-15,42.2,3.742420221041966,0.0009483168088593175
2019-04-16,41.59,3.7278597537548204,-0.014560467287145773
2019-04-17,41.47,3.7249702742582897,-0.0028894794965306225
2019-04-18,41.43,3.7240052560893107,-0.0009650181689790926
2019-04-22,41.38,3.722797672317397,-0.0012075837719134341
2019-04-23,41.53,3.726416057642662,0.003618385325264928
2019-04-24,42.02,3.7381456954168546,0.011729637774192447
2019-04-25,42.28,3.7443141610020367,0.006168465585182137
2019-04-26,42.24,3.743367639398006,-0.0009465216040305258
2019-04-29,41.79,3.732657076459824,-0.010710562938182289
2019-04-30,42.34,3.745732265706719,0.013075189246895214
2019-05-01,41.68,3.7300213974451113,-0.015710868261607835
2019-05-02,41.18,3.717952701599643,-0.012068695845468103
2019-05-03,41.61,3.72834052299485,0.010387821395206664
2019-05-06,41.72,3.7309806301325716,0.002640107137721781
2019-05-07,41.84,3.7338528197566676,0.0028721896240959666
2019-05-08,40.81,3.7089271494177143,-0.02492567033895332
2019-05-09,40.65,3.7049988359938197,-0.003928313423894547
2019-05-10,41.52,3.7261752388576332,0.021176402863813504
2019-05-13,42.19,3.7421832261362473,0.016007987278614078
2019-05-14,41.77,3.732178378509084,-0.010004847627163471
2019-05-15,41.62,3.7285808209654885,-0.0035975575435953644
2019-05-16,41.7,3.730501128804756,0.0019203078392675543
2019-05-17,42.26,3.7438410121879104,0.013339883383154394
2019-05-20,42.33,3.745496054532832,0.0016550423449217533
2019-05-21,42.77,3.7558369222388173,0.01034086770598508
2019-05-22,43.12,3.7639869266007415,0.008150004361924257
2019-05-23,43.01,3.7614326467956447,-0.002554279805096815
2019-05-24,42.93,3.7595708822364693,-0.0018617645591754162
2019-05-28,42.34,3.745732265706719,-0.013838616529750158
2019-05-29,41.46,3.7247291070076334,-0.021003158699085756
2019-05-30,41.03,3.714303506454095,-0.010425600553538583
2019-05-31,41.56,3.727138166231027,0.01283465977693199
2019-06-03,42.18,3.7419461750506287,0.01480800881960187
2019-06-04,42.65,3.753027273937688,0.011081098887059326
2019-06-05,43.5,3.7727609380946383,0.019733664156950326
2019-06-06,43.86,3.781002742989742,0.008241804895103844
2019-06-07,43.55,3.7739097032985116,-0.0070930396912305405
2019-06-10,43.35,3.769306703226551,-0.004603000071960572
2019-06-11,42.9,3.758871825933971,-0.01043487729257997
2019-06-12,43.54,3.7736800558064014,0.014808229872430356
2019-06-13,43.23,3.7665346986795405,-0.0071453571268609295
2019-06-14,43.4,3.770459441106359,0.003924742426818728
2019-06-17,42.84,3.757472245579548,-0.012987195526811046
2019-06-18,43.01,3.7614326467956447,0.003960401216096532
2019-06-19,43.0,3.7612001156935624,-0.00023253110208232286
2019-06-20,43.43,3.7711504465467307,0.009950330853168321
2019-06-21,43.46,3.7718409748282835,0.0006905282815528047
2019-06-24,43.28,3.767690634538226,-0.004150340290057564
2019-06-25,43.17,3.765145809567386,-0.002544824970839965
2019-06-26,42.04,3.7386215460087504,-0.026524263558635575
2019-06-27,42.13,3.7407600759909254,0.002138529982175008
2019-06-28,42.56,3.750914845033389,0.010154769042463485
2019-07-01,42.66,3.753261713043204,0.002346868009815317
2019-07-02,43.18,3.7653774250866614,0.012115712043457183
2019-07-03,43.61,3.775286481854675,0.009909056768013791
2019-07-05,43.65,3.776203282285611,0.0009168004309358935
2019-07-08,43.53,3.773450355564206,-0.0027529267214050357
2019-07-09,43.16,3.764914140389934,-0.008536215174272055
2019-07-10,43.05,3.7623622308737397,-0.0025519095161943284
2019-07-11,43.37,3.7697679578472747,0.007405726973535032
2019-07-12,43.17,3.765145809567386,-0.004622148279888716
2019-07-15,43.1,3.763522997109702,-0.0016228124576840308
2019-07-16,43.03,3.7618975468505083,-0.0016254502591936948
2019-07-17,43.13,3.764218810659752,0.002321263809243579
2019-07-18,43.54,3.7736800558064014,0.009461245146649588
2019-07-19,42.74,3.755135249891002,-0.018544805915399643
2019-07-22,42.66,3.753261713043204,-0.0018735368477975634
2019-07-23,42.57,3.751149779840061,-0.0021119332031434013
2019-07-24,42.65,3.753027273937688,0.0018774940976271637
2019-07-25,42.31,3.7450234647319762,-0.008003809205711754
2019-07-26,42.56,3.750914845033389,0.005891380301412674
2019-07-29,43.05,3.7623622308737397,0.011447385840350766
2019-07-30,43.01,3.7614326467956447,-0.0009295840780949582
2019-07-31,42.95,3.7600366484302645,-0.00139599836538018
2019-08-01,43.16,3.764914140389934,0.004877491959669467
2019-08-02,43.1,3.763522997109702,-0.0013911432802320434
2019-08-05,41.96,3.7367167835280966,-0.026806213581605398
2019-08-06,42.49,3.7492687541267204,0.012551970598623896
2019-08-07,42.36,3.7462045207332055,-0.0030642333935149146
2019-08-08,42.99,3.76096753050819,0.014763009774984681
2019-08-09,42.87,3.7581722806098856,-0.002795249898304597
2019-08-12,42.69,3.7539647007698704,-0.004207579840015185
2019-08-13,42.89,3.758638698528789,0.004673997758918524
2019-08-14,42.49,3.7492687541267204,-0.009369944402068509
2019-08-15,42.53,3.750209709265542,0.000940955138821753
2019-08-16,43.1,3.763522997109702,0.013313287844159749
2019-08-19,43.16,3.764914140389934,0.0013911432802320434
2019-08-20,42.73,3.7549012496559335,-0.010012890734000468
2019-08-21,42.93,3.7595708822364693,0.004669632580535765
2019-08-22,43.08,3.7630588522881876,0.003487970051718303
2019-08-23,42.23,3.743130868945852,-0.019927983342335587
2019-08-26,42.76,3.7556030861568446,0.012472217210992564
2019-08-27,42.7,3.754198920234579,-0.0014041659222656655
2019-08-28,42.54,3.750444809772091,-0.0037541104624878585
2019-08-29,42.84,3.757472245579548,0.0070274358074571275
2019-08-30,42.87,3.7581722806098856,0.0007000350303374425
2019-09-03,43.42,3.7709201644501458,0.012747883840260155
2019-09-04,43.41,3.770689829311502,-0.00023033513864367805
2019-09-05,43.0,3.7612001156935624,-0.00948971361793971
2019-09-06,43.11,3.763754988759043,0.002554873065480745
2019-09-09,43.0,3.7612001156935624,-0.002554873065480745
2019-09-10,42.97,3.7605021977869035,-0.0006979179066588515
2019-09-11,43.81,3.779862101825807,0.01935990403890342
2019-09-12,43.92,3.7823697972012753,0.002507695375468355
2019-09-13,43.95,3.783052624131186,0.0006828269299106182
2019-09-16,44.37,3.792563565390818,0.009510941259632144
2019-09-17,44.51,3.795713883027763,0.003150317636944955
2019-09-18,44.68,3.799525974201,0.0038120911732368867
2019-09-19,44.95,3.8055507609176296,0.006024786716629649
2019-09-20,44.96,3.8057732055854356,0.00022244466780607652
2019-09-23,44.91,3.8046604870996465,-0.0011127184857890882
2019-09-24,45.08,3.8084386891715756,0.0037782020719290266
2019-09-25,45.18,3.810654511039857,0.002215821868281509
2019-09-26,45.4,3.8155121050473024,0.004857594007445343
2019-09-27,45.43,3.816172679771312,0.0006605747240095994
2019-09-30,45.38,3.8150714793516958,-0.001101200419616255
2019-10-01,45.26,3.8124236402053913,-0.0026478391463045092
2019-10-02,44.66,3.799078246412012,-0.013345393793379401
2019-10-03,44.65,3.798854307322508,-0.00022393908950402164
2019-10-04,44.9,3.8044377947482086,0.005583487425700806
2019-10-07,44.38,3.792788917504448,-0.011648877243760847
2019-10-08,43.57,3.774368840129351,-0.018420077375096877
2019-10-09,43.56,3.77413929806476,-0.00022954206459102622
2019-10-10,43.24,3.7667659927710075,-0.0073733052937523524
2019-10-11,43.36,3.769537357131391,0.002771364360383277
2019-10-14,42.76,3.7556030861568446,-0.013934270974546248
2019-10-15,42.46,3.74856245627511,-0.007040629881734706
2019-10-16,42.31,3.7450234647319762,-0.0035389915431336405
2019-10-17,42.62,3.752323626670471,0.00730016193849492
2019-10-18,42.79,3.7563044304287256,0.003980803758254492
2019-10-21,42.95,3.7600366484302645,0.0037322180015388895
2019-10-22,43.26,3.7672284205249125,0.007191772094647941
2019-10-23,43.33,3.768845235751818,0.001616815226905377
2019-10-24,43.55,3.7739097032985116,0.005064467546693763
2019-10-25,43.05,3.7623622308737397,-0.011547472424771943
2019-10-28,42.74,3.755135249891002,-0.007226980982737885
2019-10-29,42.86,3.7579389900454307,0.0028037401544289686
2019-10-30,43.1,3.763522997109702,0.005584007064271201
2019-10-31,43.06,3.762594491936217,-0.0009285051734848615
2019-11-01,43.04,3.762129915853529,-0.00046457608268823947
2019-11-04,42.95,3.7600366484302645,-0.0020932674232643222
2019-11-05,42.8,3.756538102587751,-0.003498545842513412
2019-11-06,42.76,3.7556030861568446,-0.0009350164309065434
2019-11-07,42.95,3.7600366484302645,0.004433562273419955
2019-11-08,42.83,3.7572387916272794,-0.002797856802985166
2019-11-11,42.68,3.7537304264335525,-0.003508365193726881
2019-11-12,42.91,3.7591048990034333,0.005374472569880773
2019-11-13,43.48,3.7723010622530087,0.013196163249575399
2019-11-14,43.55,3.7739097032985116,0.0016086410455029565
2019-11-15,43.37,3.7697679578472747,-0.004141745451236911
2019-11-18,43.06,3.762594491936217,-0.007173465911057608
2019-11-19,42.74,3.755135249891002,-0.0074592420452153085
2019-11-20,42.66,3.753261713043204,-0.0018735368477975634
2019-11-21,42.22,3.7428940424201746,-0.010367670623029568
2019-11-22,41.99,3.737431494696102,-0.0054625477240728415
2019-11-25,42.0,3.7376696182833684,0.0002381235872666032
2019-11-26,42.11,3.740285242173836,0.0026156238904677664
2019-11-27,42.2,3.742420221041966,0.0021349788681299664
2019-11-29,42.06,3.7390971702745537,-0.003323050767412461
2019-12-02,41.96,3.7367167835280966,-0.0023803867464571304
2019-12-03,42.11,3.740285242173836,0.003568458645739625
2019-12-04,42.6,3.751854253275325,0.01156901110148878
2019-12-05,42.76,3.7556030861568446,0.003748832881519615
2019-12-06,43.01,3.7614326467956447,0.005829560638800135
2019-12-09,42.53,3.750209709265542,-0.011222937530102506
2019-12-10,42.72,3.7546671946519394,0.004457485386397231
2019-12-11,43.09,3.763290951627747,0.008623756975807417
2019-12-12,43.14,3.76445064096101,0.0011596893332632696
2019-12-13,43.31,3.7683835552265355,0.0039329142655253335
2019-12-16,43.85,3.780774718818192,0.012391163591656706
2019-12-17,43.67,3.7766613674974696,-0.004113351320722547
2019-12-18,44.13,3.7871398232814557,0.010478455783986096
2019-12-19,44.17,3.7880458256084353,0.0009060023269795714
2019-12-20,44.47,3.794814804522605,0.006768978914169832
2019-12-23,43.83,3.780318514430718,-0.014496290091887243
2019-12-24,43.89,3.7816865037001426,0.0013679892694247187
2019-12-26,44.0,3.784189633918261,0.0025031302181184323
2019-12-27,44.03,3.7848712197676626,0.0006815858494015892
2019-12-30,44.26,3.7900813346229034,0.0052101148552408105
2019-12-31,44.47,3.794814804522605,0.004733469899701692
2020-01-02,44.06,3.785552341374197,-0.009262463148408173
2020-01-03,44.07,3.7857792788538958,0.00022693747969881883
2020-01-06,43.92,3.7823697972012753,-0.0034094816526204497
2020-01-07,44.05,3.7853253523821886,0.002955555180913283
2020-01-08,43.87,3.7812307151781224,-0.0040946372040662204
2020-01-09,43.68,3.7768903314366495,-0.004340383741472831
2020-01-10,44.21,3.788951007838152,0.012060676401502324
2020-01-13,44.69,3.79974976294536,0.01079875510720818
2020-01-14,45.06,3.8079949350040985,0.008245172058738426
2020-01-15,45.32,3.8137484361598055,0.0057535011557070526
2020-01-16,45.58,3.819469023817538,0.005720587657732423
2020-01-17,45.64,3.8207845249938748,0.0013155011763368307
2020-01-21,45.59,3.8196883942253503,-0.0010961307685244392
2020-01-22,45.41,3.8157323451098595,-0.003956049115490856
2020-01-23,45.81,3.8245024078986507,0.008770062788791222
2020-01-24,45.52,3.8181517898180757,-0.006350618080575021
2020-01-27,45.49,3.817492521581913,-0.0006592682361628022
2020-01-28,45.79,3.824065726669004,0.0065732050870912495
2020-01-29,45.83,3.8249388985210326,0.0008731718520285092
2020-01-30,46.28,3.834709902325476,0.009771003804443179
2020-01-31,45.85,3.825375198702474,-0.009334703623002039
2020-02-03,45.93,3.8271184983377022,0.0017432996352284569
2020-02-04,45.75,3.82319179172153,-0.003926706616172115
2020-02-05,45.99,3.8284239815518326,0.005232189830302492
2020-02-06,46.01,3.8288587641673772,0.0004347826155446377
2020-02-07,45.95,3.827553848801696,-0.0013049153656812251
2020-02-10,46.13,3.8314634975697293,0.003909648768033236
2020-02-11,45.96,3.827771452980555,-0.0036920445891741593
2020-02-12,45.83,3.8249388985210326,-0.0028325544595224628
2020-02-13,45.77,3.8236288546655506,-0.001310043855482057
2020-02-14,46.12,3.8312466954008584,0.0076178407353078015
2020-02-18,46.04,3.829510583853682,-0.0017361115471765665
2020-02-19,45.2,3.8110970868381857,-0.018413497015496105
2020-02-20,44.92,3.8048831298702424,-0.006213956967943357
2020-02-21,45.03,3.8073289343134804,0.0024458044432380532
2020-02-24,44.5,3.7954891891721947,-0.011839745141285718
2020-02-25,43.85,3.780774718818192,-0.014714470354002529
2020-02-26,43.12,3.7639869266007415,-0.016787792217450637
2020-02-27,40.49,3.7010550300440697,-0.06293189655667186
2020-02-28,38.1,3.6402142821326553,-0.06084074791141436
2020-03-02,39.48,3.675794214565281,0.03557993243262558
2020-03-03,38.66,3.654805473780185,-0.02098874078509594
2020-03-04,40.04,3.68987895444702,0.03507348066683491
2020-03-05,38.94,3.6620219999440535,-0.027856954502966325
2020-03-06,37.75,3.6309854756950335,-0.031036524249020037
2020-03-09,33.71,3.5177945292459696,-0.11319094644906391
2020-03-10,35.3,3.563882963939251,0.0460884346932815
2020-03-11,34.03,3.5272424885128144,-0.03664047542643667
2020-03-12,32.11,3.4691675081014224,-0.05807498041139203
2020-03-13,33.17,3.501645852958961,0.032478344857538755
2020-03-16,30.62,3.4216533902295376,-0.07999246272942351
2020-03-17,30.43,3.4154289639088797,-0.006224426320657894
2020-03-18,27.74,3.3228754148866853,-0.09255354902219448
2020-03-19,27.14,3.301008654406723,-0.021866760479962277
2020-03-20,25.71,3.246880021277798,-0.0541286331289248
2020-03-23,23.67,3.1642084235258925,-0.08267159775190569
2020-03-24,27.03,3.2969473602883563,0.13273893676246384
2020-03-25,29.06,3.369362658142137,0.07241529785378065
2020-03-26,31.37,3.445852022202587,0.07648936406044982
2020-03-27,32.01,3.4660483539817717,0.020196331779184895
2020-03-30,31.9,3.462606009790799,-0.003442344190972779
2020-03-31,30.73,3.425239376142393,-0.037366633648405756
2020-04-01,29.08,3.3700506526653187,-0.055188723477074486
2020-04-02,29.12,3.3714252233284854,0.0013745706631667076
2020-04-03,26.58,3.2801590532850993,-0.09126617004338611
2020-04-06,28.96,3.365915567517516,0.08575651423241659
2020-04-07,29.79,3.394172766725191,0.02825719920767522
2020-04-08,31.29,3.443298557680791,0.04912579095559977
2020-04-09,32.52,3.48185528467961,0.03855672699881918
2020-04-13,31.97,3.4647979630717503,-0.017057321607859777
2020-04-14,32.93,3.494384096388273,0.029586133316522822
2020-04-15,31.15,3.4388142452334622,-0.055569851154810834
2020-04-16,30.73,3.425239376142393,-0.013574869091069086
2020-04-17,31.71,3.456632088550256,0.03139271240786279
2020-04-20,30.25,3.4094961844768505,-0.0471359040734054
2020-04-21,29.46,3.3830334110344844,-0.02646277344236614
2020-04-22,30.69,3.4239368686316447,0.0409034575971603
2020-04-23,30.7,3.4242626545931514,0.00032578596150667494
2020-04-24,31.27,3.44265917146975,0.01839651687659849
2020-04-27,32.2,3.4719664525503626,0.029307281080612757
2020-04-28,32.43,3.4790839203192268,0.0071174677688641275
2020-04-29,32.51,3.481547734315814,0.0024638139965871275
2020-04-30,31.52,3.4506222649896783,-0.0309254693261356
2020-05-01,30.31,3.4114776910697118,-0.03914457391996651
2020-05-04,30.46,3.4164143474670157,0.004936656397303896
2020-05-05,30.32,3.411807560774171,-0.004606786692844533
2020-05-06,29.25,3.3758795736778655,-0.035927987096305625
2020-05-07,29.29,3.377246160839642,0.0013665871617765113
2020-05-08,31.05,3.435598808379488,0.058352647539845925
2020-05-11,30.53,3.4187098067467865,-0.01688900163270146
2020-05-12,29.94,3.3991953789914824,-0.019514427755304098
2020-05-13,28.86,3.3624565533457247,-0.0367388256457577
2020-05-14,29.34,3.3789517727148355,0.016495219369110803
2020-05-15,28.53,3.3509561652254085,-0.027995607489426977
2020-05-18,30.79,3.427189961936409,0.0762337967110005
2020-05-19,30.15,3.4061849231731944,-0.02100503876321458
2020-05-20,31.12,3.4378506993101907,0.03166577613699628
2020-05-21,30.68,3.4236109764990554,-0.01423972281113528
2020-05-22,30.8,3.427514689979529,0.0039037134804735807
2020-05-26,31.83,3.4604092412940015,0.0328945513144725
2020-05-27,31.42,3.4474446328274753,-0.01296460846652625
2020-05-28,31.89,3.4622924810219664,0.014847848194491142
2020-05-29,31.32,3.4442568711226023,-0.018035609899364147
2020-06-01,32.14,3.4701013603093664,0.025844489186764186
2020-06-02,32.18,3.471345141564237,0.0012437812548706795
2020-06-03,33.0,3.4965075614664802,0.025162419902243105
2020-06-04,32.66,3.4861510875423187,-0.010356473924161502
2020-06-05,33.6,3.5145260669691587,0.028374979426839975
2020-06-08,34.8,3.5496173867804286,0.035091319811269894
2020-06-09,33.53,3.512440560478137,-0.03717682630229158
2020-06-10,32.73,3.4882920885130893,-0.02414847196504777
2020-06-11,30.41,3.4147715016892732,-0.07352058682381601
2020-06-12,30.86,3.4294608469350147,0.014689345245741503
2020-06-15,31.22,3.441058915087286,0.011598068152271157
2020-06-16,31.29,3.443298557680791,0.0022396425935049535
2020-06-17,30.96,3.4326960487215263,-0.010602508959264512
2020-06-18,30.98,3.4333418349887226,0.0006457862671962467
2020-06-19,30.54,3.4190372997904865,-0.014304535198236046
2020-06-22,30.84,3.4288125486951286,0.009775248904642098
2020-06-23,30.58,3.420346200500916,-0.008466348194212436
2020-06-24,30.34,3.4124669739203863,-0.007879226580529863
2020-06-25,30.06,3.4031953843248286,-0.009271589595557739
2020-06-26,29.37,3.379973745210529,-0.02322163911429964
2020-06-29,30.4,3.414442608412176,0.03446886320164699
2020-06-30,30.36,3.4131259525274293,-0.0013166558847466092
2020-07-01,30.52,3.4183822064162563,0.0052562538888270005
2020-07-02,30.63,3.421979920844684,0.003597714428427601
2020-07-06,30.52,3.4183822064162563,-0.003597714428427601
2020-07-07,30.82,3.42816382989197,0.009781623475713541
2020-07-08,30.79,3.427189961936409,-0.0009738679555608698
2020-07-09,29.97,3.4001968813285717,-0.02699308060783734
2020-07-10,30.96,3.4326960487215263,0.032499167392954664
2020-07-13,31.33,3.4445761049641,0.011880056242573822
2020-07-14,31.81,3.4597807057610526,0.015204600796952406
2020-07-15,31.98,3.4651107074058083,0.005330001644755722
2020-07-16,31.9,3.462606009790799,-0.002504697615009377
2020-07-17,32.38,3.477540948249489,0.014934938458690095
2020-07-20,31.39,3.4464893708538624,-0.031051577395626584
2020-07-21,32.3,3.475067230228611,0.02857785937474855
2020-07-22,33.19,3.502248625731883,0.027181395503272032
2020-07-23,33.1,3.4995332823830174,-0.0027153433488655843
2020-07-24,32.97,3.49559805708364,-0.0039352252993776204
2020-07-27,32.39,3.477849733183238,-0.017748323900401708
2020-07-28,32.78,3.4898185733156835,0.011968840132445369
2020-07-29,33.03,3.4974162394026984,0.007597666087014954
2020-07-30,32.99,3.49620448524049,-0.0012117541622083117
2020-07-31,32.9,3.493472657771326,-0.0027318274691641165
2020-08-03,32.36,3.4769230921902907,-0.016549565581035264
2020-08-04,32.97,3.49559805708364,0.018674964893349077
2020-08-05,32.21,3.4722769633431074,-0.023321093740532373
2020-08-06,32.94,3.494687724749494,0.022410761406386648
2020-08-07,33.28,3.5049566159530077,0.010268891203513597
2020-08-10,33.79,3.5201649007261984,0.015208284773190694
2020-08-11,32.82,3.4910380856619447,-0.02912681506425363
2020-08-12,33.39,3.508256453955563,0.017218368293618447
2020-08-13,33.04,3.497718948652777,-0.010537505302786077
2020-08-14,32.62,3.4849255971928677,-0.012793351459909452
2020-08-17,32.44,3.479392229247212,-0.00553336794565551
2020-08-18,32.45,3.479700443150099,0.0003082139028869335
2020-08-19,32.08,3.4682327829983137,-0.011467660151785353
2020-08-20,32.19,3.4716558453107167,0.003423062312402969
2020-08-21,31.98,3.4651107074058083,-0.006545137904908405
2020-08-24,32.5,3.481240089335692,0.016129381929883557
2020-08-25,32.17,3.471034341250935,-0.010205748084756827
2020-08-26,31.27,3.44265917146975,-0.02837516978118515
2020-08-27,31.54,3.451256581534892,0.008597410065142252
2020-08-28,31.79,3.459151774922711,0.007895193387819077
2020-08-31,31.86,3.4613513044819024,0.0021995295591912267
2020-09-01,31.39,3.4464893708538624,-0.014861933628040003
2020-09-02,32.33,3.4759955917373415,0.029506220883479095
2020-09-03,31.81,3.4597807057610526,-0.01621488597628895
2020-09-04,31.54,3.451256581534892,-0.008524124226160446
2020-09-08,30.85,3.4291367503513968,-0.022119831183495364
2020-09-09,31.08,3.436564525499447,0.007427775148050042
2020-09-10,30.37,3.4134552790576573,-0.023109246441789466
2020-09-11,30.16,3.4065165431397553,-0.006938735917902061
2020-09-14,30.23,3.408834808791367,0.0023182656516116396
2020-09-15,29.48,3.383712067321136,-0.02512274147023108
2020-09-16,29.73,3.3921566370100065,0.00844456968887064
2020-09-17,29.38,3.380314170745731,-0.01184246626427532
2020-09-18,28.85,3.3621099929541085,-0.018204177791622644
2020-09-21,28.69,3.3565486299932736,-0.00556136296083487
2020-09-22,28.96,3.365915567517516,0.009366937524242225
2020-09-23,29.06,3.369362658142137,0.0034470906246211186
2020-09-24,29.09,3.3703944725071104,0.0010318143649734601
2020-09-25,29.31,3.377928754722801,0.007534282215690524
2020-09-28,29.66,3.389799336709786,0.011870581986984874
2020-09-29,29.67,3.3901364343027307,0.0003370975929448683
2020-09-30,29.99,3.4008639927609177,0.010727558458186959
2020-10-01,30.2,3.407841924380824,0.006977931619906119
2020-10-02,31.06,3.435920817720541,0.028078893339717137
2020-10-05,32.03,3.466672963621067,0.030752145900525996
2020-10-06,32.38,3.477540948249489,0.01086798462842209
2020-10-07,32.04,3.4669851222001586,-0.010555826049330364
2020-10-08,32.74,3.488597571942989,0.021612449742830275
2020-10-09,32.02,3.4663607075685685,-0.022236864374420406
2020-10-12,32.11,3.4691675081014224,0.0028068005328538703
2020-10-13,31.14,3.4384931664058525,-0.03067434169556993
2020-10-14,30.92,3.4314032237192214,-0.007089942686631101
2020-10-15,31.45,3.4483989831464497,0.016995759427228307
2020-10-16,31.56,3.4518904959776733,0.00349151283122362
2020-10-19,31.54,3.451256581534892,-0.0006339144427811583
2020-10-20,32.21,3.4722769633431074,0.021020381808215305
2020-10-21,31.64,3.4544221428994533,-0.017854820443654162
2020-10-22,32.49,3.480932349681009,0.02651020678155591
2020-10-23,33.16,3.501344330267094,0.020411980586084955
2020-10-26,32.92,3.494080375808869,-0.007263954458224919
2020-10-27,32.49,3.480932349681009,-0.013148026127860035
2020-10-28,31.08,3.436564525499447,-0.044367824181562376
2020-10-29,30.96,3.4326960487215263,-0.00386847677792046
2020-10-30,30.77,3.4265401893339504,-0.0061558593875759016
2020-11-02,31.77,3.4585224482814247,0.03198225894747431
2020-11-03,32.51,3.481547734315814,0.023025286034389136
2020-11-04,32.24,3.4732079176384274,-0.00833981667738648
2020-11-05,31.97,3.4647979630717503,-0.008409954566677147
2020-11-06,31.68,3.455685566946225,-0.00911239612552528
2020-11-09,32.66,3.4861510875423187,0.030465520596093754
2020-11-10,34.22,3.5328102684640474,0.046659180921728716
2020-11-11,33.95,3.5248888540047054,-0.007921414459342024
2020-11-12,32.73,3.4882920885130893,-0.03659676549161617
2020-11-13,33.96,3.5251833614431467,0.03689127293005745
2020-11-16,34.7,3.5467396869528134,0.021556325509666685
2020-11-17,34.21,3.5325179989895132,-0.014221687963300145
2020-11-18,33.28,3.5049566159530077,-0.02756138303650557
2020-11-19,33.48,3.5109482456212744,0.005991629668266718
2020-11-20,33.73,3.5183876490735586,0.007439403452284221
2020-11-23,34.07,3.5284172316728752,0.010029582599316633
2020-11-24,34.76,3.548467300397191,0.020050068724315917
2020-11-25,34.64,3.5450090836942345,-0.0034582167029566513
2020-11-27,33.65,3.5160130560907366,-0.028996027603497954
2020-11-30,32.39,3.477849733183238,-0.038163322907498465
2020-12-01,32.7,3.487375077903208,0.009525344719969908
2020-12-02,33.02,3.497113438491982,0.009738360588773975
2020-12-03,32.62,3.4849255971928677,-0.012187841299114321
2020-12-04,32.88,3.492864570187979,0.00793897299511137
2020-12-07,32.91,3.4937765629552486,0.0009119927672696093
2020-12-08,32.54,3.482470101790892,-0.01130646116435674
2020-12-09,32.81,3.4907333469730104,0.008263245182118517
2020-12-10,32.34,3.4763048541489607,-0.014428492824049677
2020-12-11,32.16,3.4707234443107655,-0.005581409838195217
2020-12-14,32.08,3.4682327829983137,-0.002490661312451792
2020-12-15,32.33,3.4759955917373415,0.007762808739027793
2020-12-16,31.97,3.4647979630717503,-0.011197628665591264
2020-12-17,31.52,3.4506222649896783,-0.014175698082071975
2020-12-18,31.14,3.4384931664058525,-0.012129098583825826
2020-12-21,30.49,3.4173987610001633,-0.021094405405689187
2020-12-22,30.69,3.4239368686316447,0.006538107631481438
2020-12-23,30.93,3.4317265866969784,0.007789718065333684
2020-12-24,31.15,3.4388142452334622,0.007087658536483854
2020-12-28,31.39,3.4464893708538624,0.0076751256204001805
2020-12-29,31.02,3.4346321577483927,-0.011857213105469722
2020-12-30,31.55,3.4515735889872223,0.01694143123882963
2020-12-31,31.86,3.4613513044819024,0.009777715494680095
2021-01-04,31.94,3.4638591427868666,0.0025078383049641495
2021-01-05,31.96,3.464485120898074,0.0006259781112074592
2021-01-06,32.92,3.494080375808869,0.029595254910795177
2021-01-07,32.2,3.4719664525503626,-0.022113923258506585
2021-01-08,32.07,3.4679210137050633,-0.004045438845299287
2021-01-11,31.63,3.4541060373175574,-0.01381497638750595
2021-01-12,31.16,3.4391352210025476,-0.014970816315009738
2021-01-13,31.15,3.4388142452334622,-0.0003209757690854076
2021-01-14,30.72,3.4249139082794713,-0.013900336953990955
2021-01-15,31.3,3.4436180975461075,0.018704189266636195
2021-01-19,31.09,3.4368862240706624,-0.006731873475445127
2021-01-20,31.36,3.445533195482207,0.00864697141154469
2021-01-21,31.3,3.4436180975461075,-0.0019150979360995635
2021-01-22,31.36,3.445533195482207,0.0019150979360995635
2021-01-25,31.82,3.4600950229096408,0.014561827427433727
2021-01-26,31.57,3.4522073025699003,-0.0078877203397405
2021-01-27,30.72,3.4249139082794713,-0.027293394290428985
2021-01-28,30.96,3.4326960487215263,0.007782140442055052
2021-01-29,30.52,3.4183822064162563,-0.014313842305269997
2021-02-01,30.81,3.4278393126085764,0.009457106192320097
2021-02-02,31.24,3.441699324971485,0.01386001236290868
2021-02-03,30.81,3.4278393126085764,-0.01386001236290868
2021-02-04,31.38,3.4461707473048864,0.018331434696309934
2021-02-05,31.43,3.447762850809476,0.0015921035045898257
2021-02-08,31.02,3.4346321577483927,-0.013130693061083498
2021-02-09,30.93,3.4317265866969784,-0.002905571051414313
2021-02-10,31.7,3.456316680883235,0.02459009418625646
2021-02-11,31.66,3.4550540544528663,-0.001262626430368563
2021-02-12,31.54,3.451256581534892,-0.003797472917974165
2021-02-16,31.63,3.4541060373175574,0.0028494557826652667
2021-02-17,31.76,3.458207636378935,0.0041015990613777475
2021-02-18,31.75,3.457892725338701,-0.0003149110402342892
2021-02-19,31.92,3.463232772581608,0.005340047242907264
2021-02-22,31.1,3.4372078191851885,-0.026024953396419637
2021-02-23,31.4,3.4468078929142076,0.009600073729019165
2021-02-24,31.16,3.4391352210025476,-0.0076726719116599895
2021-02-25,29.61,3.3881121421135,-0.05102307888904756
2021-02-26,29.27,3.3765631007037946,-0.011549041409705474
2021-03-01,29.59,3.3874364664121184,0.010873365708323757
2021-03-02,29.76,3.393165209964891,0.005728743552772642
2021-03-03,30.09,3.4041928906419536,0.011027680677062612
2021-03-04,30.76,3.4262151446374434,0.022022253995489738
2021-03-05,31.74,3.457577715098263,0.03136257046081958
2021-03-08,32.07,3.4679210137050633,0.010343298606800388
2021-03-09,31.79,3.459151774922711,-0.00876923878235214
2021-03-10,32.13,3.4697901731277674,0.010638398205056188
2021-03-11,31.35,3.4452142670789296,-0.024575906048837748
2021-03-12,31.81,3.4597807057610526,0.014566438682122929
2021-03-15,33.15,3.5010427166318716,0.041262010870819044
2021-03-16,33.02,3.497113438491982,-0.003929278139889636
2021-03-17,32.4,3.4781584227982836,-0.018955015693698396
2021-03-18,32.49,3.480932349681009,0.002773926882725597
2021-03-19,32.28,3.474447843401748,-0.006484506279261115
2021-03-22,32.08,3.4682327829983137,-0.006215060403434336
2021-03-23,32.01,3.4660483539817717,-0.0021844290165420333
2021-03-24,32.02,3.4663607075685685,0.0003123535867968208
2021-03-25,32.25,3.4735180432417816,0.007157335673213083
2021-03-26,32.4,3.4781584227982836,0.004640379556501983
2021-03-29,32.78,3.4898185733156835,0.011660150517399881
2021-03-30,32.45,3.479700443150099,-0.010118130165584382
2021-03-31,32.36,3.4769230921902907,-0.0027773509598083557
2021-04-01,32.61,3.484618989801228,0.007695897610937141
2021-04-05,32.83,3.4913427315135013,0.006723741712273412
2021-04-06,32.7,3.487375077903208,-0.003967653610293276
2021-04-07,32.99,3.49620448524049,0.008829407337282102
2021-04-08,32.66,3.4861510875423187,-0.010053397698171374
2021-04-09,32.2,3.4719664525503626,-0.014184634991956102
2021-04-12,32.39,3.477849733183238,0.005883280632875465
2021-04-13,32.63,3.4852321106052293,0.007382377421991215
2021-04-14,32.86,3.492256112609122,0.007024002003892527
2021-04-15,33.4,3.5085558999826545,0.01629978737353266
2021-04-16,33.47,3.510649515223235,0.002093615240580604
2021-04-19,33.56,3.5133348815990053,0.002685366375770215
2021-04-20,33.64,3.5157158351047473,0.0023809535057419673
2021-04-21,33.28,3.5049566159530077,-0.010759219151739607
2021-04-22,32.94,3.494687724749494,-0.010268891203513597
2021-04-23,32.95,3.4949912609485163,0.0003035361990222363
2021-04-26,33.04,3.497718948652777,0.002727687704260795
2021-04-27,32.63,3.4852321106052293,-0.0124868380475478
2021-04-28,33.2,3.502549875922443,0.01731776531721385
2021-04-29,33.72,3.518091133133655,0.01554125721121169
2021-04-30,33.56,3.5133348815990053,-0.004756251534649536
2021-05-03,33.49,3.5112468868061133,-0.0020879947928920117
2021-05-04,33.41,3.508855256368665,-0.0023916304374482777
2021-05-05,33.42,3.509154523167248,0.00029926679858283123
2021-05-06,34.02,3.5269485869677157,0.017794063800467885
2021-05-07,33.93,3.5242995787961386,-0.002649008171577094
2021-05-10,34.08,3.528710701961115,0.004411123164976161
2021-05-11,33.42,3.509154523167248,-0.019556178793866952
2021-05-12,32.93,3.494384096388273,-0.014770426778974777
2021-05-13,33.84,3.521643534738023,0.027259438349749754
2021-05-14,34.4,3.5380565643793527,0.016413029641329846
2021-05-17,33.79,3.5201649007261984,-0.01789166365315431
2021-05-18,33.53,3.512440560478137,-0.0077243402480613454
2021-05-19,33.58,3.5139306516493947,0.001490091171257646
2021-05-20,33.58,3.5139306516493947,0.0
2021-05-21,33.7,3.517497837358316,0.00356718570892145
2021-05-24,33.91,3.523709956137547,0.006212118779231002
2021-05-25,33.73,3.5183876490735586,-0.005322307063988507
2021-05-26,34.36,3.536893097116055,0.01850544804249621
2021-05-27,34.57,3.5429862539335333,0.006093156817478462
2021-05-28,34.5,3.5409593240373143,-0.0020269298962189986
2021-06-01,34.25,3.5336865647082343,-0.007272759329080003
2021-06-02,34.04,3.5275363037051735,-0.00615026100306082
2021-06-03,34.24,3.5333945512735414,0.005858247568367947
2021-06-04,34.33,3.5360196074696004,0.002625056196059017
2021-06-07,34.23,3.533102452542094,-0.002917154927506438
2021-06-08,34.04,3.5275363037051735,-0.005566148836920526
2021-06-09,34.48,3.5403794457954922,0.012843142090318782
2021-06-10,34.89,3.5522002551986827,0.011820809403190413
2021-06-11,35.45,3.5681232529781366,0.01592299777945394
2021-06-14,35.26,3.562749176969724,-0.005374076008412665
2021-06-15,35.19,3.5607619513334936,-0.0019872256362303276
2021-06-16,34.78,3.549042508926137,-0.011719442407356784
2021-06-17,34.52,3.541538866215227,-0.0075036427109096415
2021-06-18,33.43,3.509453700432007,-0.03208516578321996
2021-06-21,34.32,3.5357282746197614,0.02627457418775414
2021-06-22,34.03,3.5272424885128144,-0.008485786106946946
2021-06-23,33.83,3.521347982792617,-0.0058945057201973405
2021-06-24,33.77,3.5195728343974766,-0.00177514839514048
2021-06-25,34.38,3.5374749999547035,0.0179021655572269
2021-06-28,34.17,3.5313480661272005,-0.006126933827502956
2021-06-29,33.68,3.516904189374126,-0.01444387675307457
2021-06-30,33.65,3.5160130560907366,-0.0008911332833894114
2021-07-01,33.98,3.525772116243786,0.009759060153049504
2021-07-02,34.23,3.533102452542094,0.007330336298307927
2021-07-06,33.97,3.5254777821724925,-0.007624670369601461
2021-07-07,34.1,3.529297384289471,0.0038196021169785155
2021-07-08,33.97,3.5254777821724925,-0.0038196021169785155
2021-07-09,33.93,3.5242995787961386,-0.0011782033763538813
2021-07-12,33.95,3.5248888540047054,0.0005892752085667752
2021-07-13,33.3,3.505557396986398,-0.019331457018307407
2021-07-14,33.47,3.510649515223235,0.005092118236837084
2021-07-15,34.0,3.5263605246161616,0.015711009392926467
2021-07-16,34.23,3.533102452542094,0.006741927925932423
2021-07-19,33.32,3.506157817298642,-0.02694463524345192
2021-07-20,33.89,3.52311998561896,0.01696216832031805
2021-07-21,33.45,3.5100517865742376,-0.013068199044722562
2021-07-22,33.21,3.5028510353886553,-0.007200751185582277
2021-07-23,33.63,3.515418525752178,0.012567490363522893
2021-07-26,33.73,3.5183876490735586,0.0029691233213804402
2021-07-27,34.22,3.5328102684640474,0.014422619390488833
2021-07-28,33.96,3.5251833614431467,-0.007626907020900742
2021-07-29,34.04,3.5275363037051735,0.002352942262026758
2021-07-30,33.75,3.518980417318539,-0.008555886386634626
2021-08-02,34.06,3.5281236752345424,0.009143257916003567
2021-08-03,34.34,3.5363108554693294,0.00818718023478704
2021-08-04,34.1,3.529297384289471,-0.007013471179858399
2021-08-05,34.47,3.540089380528774,0.010791996239302826
2021-08-06,35.04,3.5564902660681907,0.016400885539416876
2021-08-09,35.21,3.5613301331669613,0.0048398670987706005
2021-08-10,35.22,3.56161410306806,0.00028396990109857967
2021-08-11,35.64,3.573468602602609,0.011854499534548868
2021-08-12,36.07,3.5854614949154477,0.011992892312838954
2021-08-13,36.29,3.591542221224979,0.006080726309531048
2021-08-16,35.9,3.580737295494233,-0.010804925730745651
2021-08-17,35.95,3.5821290841670557,0.0013917886728225248
2021-08-18,35.66,3.574029612434994,-0.008099471732061492
2021-08-19,35.39,3.566429294357372,-0.00760031807762207
2021-08-20,35.88,3.5801800371905954,0.013750742833223306
2021-08-23,35.51,3.5698143469549963,-0.010365690235599079
2021-08-24,35.44,3.56784112573688,-0.0019732212181162723
2021-08-25,35.69,3.574870537502069,0.007029411765188787
2021-08-26,35.5,3.56953269648137,-0.005337841020698786
2021-08-27,35.57,3.571502585960364,0.0019698894789939025
2021-08-30,35.49,3.569250966658405,-0.0022516193019588293
2021-08-31,35.41,3.566994266123812,-0.002256700534593037
2021-09-01,35.73,3.5759906720353185,0.008996405911506411
2021-09-02,35.96,3.5824072096034194,0.0064165375681009
2021-09-03,35.67,3.5743099993708003,-0.008097210232619112
2021-09-07,35.23,3.561897992353146,-0.012412007017654325
2021-09-08,35.71,3.575430761606357,0.013532769253211008
2021-09-09,35.5,3.56953269648137,-0.005898065124986918
2021-09-10,35.09,3.5579161895951237,-0.01161650688624638
2021-09-13,35.15,3.5596246182566738,0.0017084286615500766
2021-09-14,34.67,3.545874759696932,-0.013749858559741757
2021-09-15,34.72,3.5473158897921495,0.0014411300952175132
2021-09-16,34.09,3.5290040861498118,-0.018311803642337754
2021-09-17,33.74,3.5186840771178223,-0.010320009031989485
2021-09-20,33.56,3.5133348815990053,-0.005349195518816963
2021-09-21,33.24,3.5037539699872475,-0.00958091161175778
2021-09-22,33.55,3.5130368634176907,0.009282893430443195
2021-09-23,33.71,3.5177945292459696,0.004757665828278856
2021-09-24,33.67,3.516607233172983,-0.001187296072986399
2021-09-27,33.41,3.508855256368665,-0.007751976804318161
2021-09-28,32.94,3.494687724749494,-0.014167531619170948
2021-09-29,33.53,3.512440560478137,0.017752835728642946
2021-09-30,32.96,3.495294705041271,-0.017145855436865975
2021-10-01,33.0,3.4965075614664802,0.0012128564252091856
2021-10-04,33.64,3.5157158351047473,0.019208273638267048
2021-10-05,33.4,3.5085558999826545,-0.0071599351220927865
2021-10-06,33.68,3.516904189374126,0.008348289391471475
2021-10-07,33.59,3.5142284036242013,-0.002675785749924664
2021-10-08,33.06,3.498324092392878,-0.015904311231323298
2021-10-11,32.76,3.4892082589848687,-0.009115833408009255
2021-10-12,32.69,3.487069220736119,-0.002139038248749614
2021-10-13,33.04,3.497718948652777,0.01064972791665797
2021-10-14,33.75,3.518980417318539,0.02126146866576173
2021-10-15,33.75,3.518980417318539,0.0
2021-10-18,33.39,3.508256453955563,-0.010723963362975653
2021-10-19,33.6,3.5145260669691587,0.006269613013595521
2021-10-20,34.03,3.5272424885128144,0.01271642154365571
2021-10-21,33.8,3.520460802488973,-0.006781686023841438
2021-10-22,34.22,3.5328102684640474,0.01234946597507447
2021-10-25,34.25,3.5336865647082343,0.000876296244186836
2021-10-26,34.26,3.5339784928959737,0.00029192818773937645
2021-10-27,34.05,3.527830032595521,-0.006148460300452463
2021-10-28,34.07,3.5284172316728752,0.0005871990773540503
2021-10-29,34.07,3.5284172316728752,0.0
2021-11-01,34.67,3.545874759696932,0.017457528024056757
2021-11-02,34.48,3.5403794457954922,-0.005495313901439758
2021-11-03,34.59,3.5435646229490776,0.00318517715358535
2021-11-04,34.16,3.531055368920369,-0.012509254028708394
2021-11-05,34.6,3.543853682063679,0.012798313143309592
2021-11-08,34.0,3.5263605246161616,-0.017493157447517227
2021-11-09,34.11,3.5295905964305545,0.003230071814392943
2021-11-10,34.31,3.5354368568703585,0.005846260439803963
2021-11-11,34.38,3.5374749999547035,0.0020381430843450232
2021-11-12,34.44,3.53921867955953,0.0017436796048264647
2021-11-15,34.95,3.5539184686798193,0.014699789120289353
2021-11-16,34.81,3.5499047018233476,-0.004013766856471701
2021-11-17,34.84,3.5507661519843023,0.0008614501609547354
2021-11-18,34.64,3.5450090836942345,-0.005757068290067835
2021-11-19,35.11,3.558485990180341,0.013476906486106444
2021-11-22,35.43,3.5675589188773804,0.009072928697039462
2021-11-23,35.45,3.5681232529781366,0.0005643341007561808
2021-11-24,35.4,3.5667118201397288,-0.0014114328384078334
2021-11-26,34.56,3.542696943935855,-0.02401487620387366
2021-11-29,35.1,3.55820113047182,0.015504186535964859
2021-11-30,34.32,3.5357282746197614,-0.022472855852058604
2021-12-01,34.52,3.541538866215227,0.005810591595465819
2021-12-02,35.19,3.5607619513334936,0.019223085118266425
2021-12-03,35.94,3.581850881355413,0.02108893002191925
2021-12-06,36.65,3.6014134283326604,0.019562546977247575
2021-12-07,36.05,3.584906863730958,-0.01650656460170241
2021-12-08,36.07,3.5854614949154477,0.0005546311844897289
2021-12-09,35.83,3.5787855313168624,-0.006675963598585355
2021-12-10,35.93,3.581572601125427,0.0027870698085648016
2021-12-13,36.33,3.5926438462331105,0.011071245107683314
2021-12-14,36.31,3.5920931854262443,-0.0005506608068661656
2021-12-15,37.04,3.6119984097779785,0.01990522435173414
2021-12-16,37.04,3.6119984097779785,0.0
2021-12-17,36.86,3.607126952241677,-0.00487145753630136
2021-12-20,36.91,3.608482517041907,0.0013555648002299137
2021-12-21,36.98,3.610377225958979,0.0018947089170717746
2021-12-22,37.2,3.616308761279101,0.005931535320122361
2021-12-23,37.21,3.6165775423585313,0.00026878107943018037
2021-12-27,37.51,3.624607564093796,0.008030021735264459
2021-12-28,37.83,3.6331024386449378,0.008494874551141951
2021-12-29,38.12,3.6407390787860012,0.0076366401410634666
2021-12-30,38.25,3.644143560272545,0.003404481486543709
2021-12-31,38.38,3.647536490579554,0.0033929303070090455
2022-01-03,37.98,3.63705970538414,-0.010476785195414173
2022-01-04,37.88,3.6344232683178777,-0.002636437066262154
2022-01-05,37.77,3.6315151367243654,-0.00290813159351222
2022-01-06,37.74,3.630720539940404,-0.000794596783961321
2022-01-07,37.53,3.6251406131469297,-0.00557992679347441
2022-01-10,37.54,3.6254070311583626,0.00026641801143290067
2022-01-11,37.26,3.6179203651734424,-0.007486665984920204
2022-01-12,37.27,3.618188713491167,0.0002683483177245982
2022-01-13,37.57,3.6262058595858777,0.008017146094710714
2022-01-14,38.0,3.6375861597263857,0.011380300140507948
2022-01-18,37.73,3.6304555339762192,-0.0071306257501664305
2022-01-19,37.76,3.6312503412773,0.0007948073010806134
2022-01-20,37.44,3.622739651609391,-0.0085106896679088
2022-01-21,37.31,3.6192613872330663,-0.0034782643763247023
2022-01-24,37.1,3.6136169696133895,-0.0056444176196768225
2022-01-25,37.03,3.6117283949255214,-0.001888574687868072
2022-01-26,37.15,3.6149637711637683,0.0032353762382468787
2022-01-27,37.29,3.6187251941907292,0.0037614230269609195
2022-01-28,37.84,3.6333667441836774,0.0146415499929482
2022-01-31,37.92,3.6354786773868213,0.0021119332031438454
2022-02-01,37.72,3.6301904577652566,-0.0052882196215646715
2022-02-02,38.1,3.6402142821326553,0.010023824367398682
2022-02-03,38.29,3.6451887654892032,0.004974483356547932
2022-02-04,37.75,3.6309854756950335,-0.014203289794169738
2022-02-07,37.69,3.629394807279044,-0.0015906684159894269
2022-02-08,37.78,3.6317798620733637,0.0023850547943196077
2022-02-09,37.82,3.6328380632303117,0.001058201156947991
2022-02-10,36.91,3.608482517041907,-0.02435554618840463
2022-02-11,36.73,3.6035938598315758,-0.004888657210331271
2022-02-14,36.37,3.5937442589988975,-0.009849600832678274
2022-02-15,35.8,3.5779478934066544,-0.015796365592243067
2022-02-16,35.78,3.5773890780805733,-0.0005588153260811524
2022-02-17,35.96,3.5824072096034194,0.0050181315228461365
2022-02-18,35.75,3.5765502691400166,-0.005856940463402793
2022-02-22,35.94,3.581850881355413,0.005300612215396239
2022-02-23,35.43,3.5675589188773804,-0.014291962478032438
2022-02-24,36.29,3.591542221224979,0.02398330234759838
2022-02-25,37.18,3.6157709822932977,0.02422876106831895
2022-02-28,37.55,3.6256733782101436,0.00990239591684583
2022-03-01,37.51,3.624607564093796,-0.001065814116347763
2022-03-02,38.19,3.6425737012374246,0.017966137143628824
2022-03-03,39.16,3.6676558176623097,0.025082116424885115
2022-03-04,39.81,3.684118137012226,0.016462319349916044
2022-03-07,39.33,3.671987586443718,-0.012130550568507648
2022-03-08,38.86,3.659965443949294,-0.012022142494424237
2022-03-09,38.79,3.6581624814518756,-0.0018029624974182923
2022-03-10,38.87,3.660222744864132,0.0020602634122561803
2022-03-11,38.69,3.6555811687124216,-0.004641576151710236
2022-03-14,38.52,3.651177586929925,-0.004403581782496779
2022-03-15,38.7,3.655839600035736,0.004662013105811269
2022-03-16,38.76,3.6573887870225654,0.0015491869868293762
2022-03-17,38.49,3.6503984672956546,-0.006990319726910776
2022-03-18,38.41,3.6483178423578133,-0.0020806249378413355
2022-03-21,38.92,3.6615082573178044,0.01319041495999107
2022-03-22,38.88,3.6604799795922385,-0.001028277725565907
2022-03-23,38.75,3.657130755799356,-0.003349223792882494
2022-03-24,39.0,3.6635616461296463,0.0064308903302903175
2022-03-25,39.9,3.686376323895818,0.02281467776617152
2022-03-28,39.84,3.6848714327163976,-0.0015048911794202091
2022-03-29,40.48,3.70080802497921,0.01593659226281252
2022-03-30,40.45,3.700066643504501,-0.0007413814747092573
2022-03-31,40.78,3.708191765146309,0.008125121641808342
2022-04-01,41.28,3.720378121173307,0.012186356026997913
2022-04-04,41.02,3.7140597526442347,-0.006318368529072416
2022-04-05,41.29,3.720620339897999,0.006560587253764183
2022-04-06,42.22,3.7428940424201746,0.022273702522175753
2022-04-07,41.93,3.7360015611826713,-0.006892481237503301
2022-04-08,41.42,3.723763855967438,-0.012237705215233152
2022-04-11,41.29,3.720620339897999,-0.0031435160694393005
2022-04-12,41.52,3.7261752388576332,0.005554898959634347
2022-04-13,41.58,3.727619282429867,0.0014440435722335998
2022-04-14,41.63,3.728821061206884,0.001201778777017104
2022-04-18,41.71,3.730740908208854,0.0019198470019698988
2022-04-19,41.71,3.730740908208854,0.0
2022-04-20,42.33,3.745496054532832,0.014755146323978341
2022-04-21,42.28,3.7443141610020367,-0.0011818935307954526
2022-04-22,41.6,3.728100167267218,-0.01621399373481891
2022-04-25,41.07,3.7152779279684673,-0.012822239298750482
2022-04-26,40.52,3.7017956793804827,-0.013482248587984635
2022-04-27,40.5,3.7013019741124933,-0.0004937052679894194
2022-04-28,40.1,3.6913763343125234,-0.009925639799969854
2022-04-29,38.68,3.6553226705850936,-0.0360536637274298
2022-05-02,38.48,3.6501386257975055,-0.00518404478758816
2022-05-03,38.7,3.655839600035736,0.005700974238230572
2022-05-04,39.68,3.6808472824166723,0.025007682380936203
2022-05-05,39.34,3.672241812960913,-0.008605469455759351
2022-05-06,39.33,3.671987586443718,-0.00025422651719475553
2022-05-09,39.2,3.6686767467964168,-0.003310839647301389
2022-05-10,38.74,3.65687265797885,-0.011804088817566782
2022-05-11,39.13,3.666889436222321,0.010016778243471247
2022-05-12,38.89,3.660737148167656,-0.006152288054665167
2022-05-13,39.28,3.670715483486265,0.009978335318609144
2022-05-16,39.42,3.674273301724574,0.0035578182383089185
2022-05-17,40.14,3.692373343368192,0.018100041643617892
2022-05-18,39.92,3.686877451443263,-0.005495891924928831
2022-05-19,39.79,3.683615624438837,-0.00326182700442601
2022-05-20,39.87,3.6856241613932634,0.0020085369544262655
2022-05-23,40.2,3.6938669956249757,0.008242834231712237
2022-05-24,40.63,3.7045067099996354,0.010639714374659714
2022-05-25,40.92,3.711618941083426,0.0071122310837905545
2022-05-26,41.01,3.713815939403968,0.0021969983205418764
2022-05-27,41.48,3.7252113833613265,0.011395443957358697
2022-05-31,41.3,3.720862499966987,-0.004348883394339698
2022-06-01,41.03,3.714303506454095,-0.00655899351289202
2022-06-02,41.11,3.716251400909787,0.0019478944556921007
2022-06-03,41.0,3.713572066704308,-0.002679334205478945
2022-06-06,41.14,3.716980884224811,0.003408817520503149
2022-06-07,41.25,3.71965111278069,0.0026702285558788397
2022-06-08,40.47,3.7005609588877744,-0.019090153892915573
2022-06-09,39.37,3.673004104955646,-0.027556853932128256
2022-06-10,39.21,3.6689318163042404,-0.004072288651405742
2022-06-13,37.04,3.6119984097779785,-0.05693340652626189
2022-06-14,36.17,3.5882300459640066,-0.02376836381397185
2022-06-15,36.24,3.5901634811747787,0.0019334352107720498
2022-06-16,35.2,3.5610460826040513,-0.02911739857072737
2022-06-17,35.01,3.555633734966574,-0.005412347637477222
2022-06-21,35.27,3.563032744247961,0.007399009281386704
2022-06-22,35.93,3.581572601125427,0.0185398568774664
2022-06-23,36.8,3.6054978451748854,0.023925244049458172
2022-06-24,37.61,3.627269972482245,0.021772127307359668
2022-06-27,38.19,3.6425737012374246,0.015303728755179602
2022-06-28,38.2,3.6428355156125294,0.0002618143751047519
2022-06-29,38.15,3.641525757730466,-0.0013097578820633338
2022-06-30,38.56,3.652215469742345,0.01068971201187896
2022-07-01,40.04,3.68987895444702,0.03766348470467484
2022-07-05,38.74,3.65687265797885,-0.03300629646816988
2022-07-06,38.82,3.658935577740864,0.002062919762014115
2022-07-07,38.49,3.6503984672956546,-0.00853711044520944
2022-07-08,38.0,3.6375861597263857,-0.012812307569268988
2022-07-11,38.54,3.6516966629862204,0.014110503259834761
2022-07-12,38.6,3.653252276470785,0.0015556134845646774
2022-07-13,38.55,3.6519561000093383,-0.001296176461446752
2022-07-14,38.89,3.660737148167656,0.008781048158317706
2022-07-15,39.25,3.6699514442284173,0.009214296060761296
2022-07-18,39.08,3.6656108271745818,-0.004340617053835594
2022-07-19,39.41,3.6740195912069122,0.008408764032330485
2022-07-20,38.31,3.6457109587125576,-0.02830863249435467
2022-07-21,38.3,3.6454498961866,-0.00026106252595736734
2022-07-22,38.56,3.652215469742345,0.006765573555744808
2022-07-25,38.94,3.6620219999440535,0.009806530201708519
2022-07-26,39.42,3.674273301724574,0.012251301780520585
2022-07-27,39.48,3.675794214565281,0.0015209128407067674
2022-07-28,40.54,3.702289141023854,0.026494926458572987
2022-07-29,41.08,3.7155213850603572,0.01323224403650336
2022-08-01,40.99,3.7133281345162463,-0.002193250544110903
2022-08-02,40.49,3.7010550300440697,-0.012273104472176666
2022-08-03,40.67,3.7054907199191334,0.004435689875063709
2022-08-04,40.13,3.6921241842788253,-0.013366535640308097
2022-08-05,40.25,3.6951100038645723,0.0029858195857470626
2022-08-08,40.47,3.7005609588877744,0.005450955023202031
2022-08-09,41.02,3.7140597526442347,0.013498793756460348
2022-08-10,41.08,3.7155213850603572,0.0014616324161225158
2022-08-11,41.1,3.716008121502189,0.00048673644183194753
2022-08-12,41.96,3.7367167835280966,0.020708662025907376
2022-08-15,42.66,3.753261713043204,0.016544929515107665
2022-08-16,42.61,3.7520889675118205,-0.0011727455313836899
2022-08-17,42.45,3.7483269127573564,-0.003762054754464117
2022-08-18,42.72,3.7546671946519394,0.006340281894583022
2022-08-19,42.78,3.7560707036542595,0.0014035090023201136
2022-08-22,42.2,3.742420221041966,-0.013650482612293402
2022-08-23,41.97,3.7369550773454994,-0.005465143696466779
2022-08-24,41.84,3.7338528197566676,-0.0031022575888317583
2022-08-25,42.11,3.740285242173836,0.006432422417168571
2022-08-26,41.5,3.7256934272366524,-0.014591814937183756
2022-08-29,41.57,3.727378753264546,0.0016853260278937299
2022-08-30,40.76,3.707701208354524,-0.01967754491002216
2022-08-31,40.54,3.702289141023854,-0.005412067330670123
2022-09-01,41.01,3.713815939403968,0.011526798380113945
2022-09-02,40.66,3.7052448082002005,-0.00857113120376729
2022-09-06,40.43,3.6995720836526793,-0.005672724547521213
2022-09-07,41.53,3.726416057642662,0.02684397398998284
2022-09-08,41.49,3.725452434344777,-0.0009636232978853521
2022-09-09,41.85,3.7340917969354845,0.008639362590707744
2022-09-12,42.07,3.7393348976024297,0.005243100666945111
2022-09-13,41.16,3.717466910965849,-0.02186798663658074
2022-09-14,41.77,3.732178378509084,0.014711467543234935
2022-09-15,40.9,3.711130063048756,-0.021048315460328038
2022-09-16,40.91,3.711374531941307,0.00024446889255136384
2022-09-19,41.5,3.7256934272366524,0.014318895295345246
2022-09-20,41.02,3.7140597526442347,-0.011633674592417709
2022-09-21,40.65,3.7049988359938197,-0.009060916650414974
2022-09-22,40.62,3.7042605561522386,-0.0007382798415811465
2022-09-23,39.92,3.686877451443263,-0.017383104708975416
2022-09-26,38.96,3.6625354787743345,-0.02434197266892868
2022-09-27,38.15,3.641525757730466,-0.021009721043868446
2022-09-28,38.83,3.659193143743576,0.017667386013109798
2022-09-29,37.42,3.6222053208459437,-0.03698782289763214
2022-09-30,36.46,3.596215769250517,-0.025989551595426708
2022-10-03,37.38,3.6211358020274167,0.024920032776899692
2022-10-04,38.37,3.647275904258861,0.026140102231444473
2022-10-05,37.47,3.623540612805596,-0.02373529145326536
2022-10-06,35.91,3.5810158082379915,-0.042524804567604324
2022-10-07,34.44,3.53921867955953,-0.041797128678461526
2022-10-10,34.83,3.5504790843779097,0.011260404818379754
2022-10-11,34.73,3.5476038667559826,-0.0028752176219271064
2022-10-12,33.98,3.525772116243786,-0.021831750512196546
2022-10-13,34.5,3.5409593240373143,0.015187207793528223
2022-10-14,33.76,3.5192766697277564,-0.021682654309557847
2022-10-17,34.59,3.5435646229490776,0.024287953221321157
2022-10-18,35.13,3.559055466277736,0.015490843328658244
2022-10-19,34.82,3.550191934340043,-0.008863531937692848
2022-10-20,34.36,3.536893097116055,-0.01329883722398817
2022-10-21,34.97,3.5544905510752844,0.017597453959229625
2022-10-24,35.03,3.5562048372093953,0.0017142861341108429
2022-10-25,35.96,3.5824072096034194,0.02620237239402412
2022-10-26,35.95,3.5821290841670557,-0.0002781254363637409
2022-10-27,36.0,3.58351893845611,0.0013898542890542487
2022-10-28,36.91,3.608482517041907,0.02496357858579712
2022-10-31,36.63,3.6008675767907232,-0.0076149402511838105
2022-11-01,36.92,3.6087534096346516,0.007885832843928409
2022-11-02,36.42,3.595118074299462,-0.01363533533518968
2022-11-03,37.07,3.612808017162641,0.01768994286317893
2022-11-04,37.54,3.6254070311583626,0.01259901399572172
2022-11-07,36.71,3.603049197508743,-0.02235783364961952
2022-11-08,37.25,3.6176519448255684,0.014602747316825315
2022-11-09,37.11,3.613886475072506,-0.003765469753062245
2022-11-10,38.56,3.652215469742345,0.038328994669838856
2022-11-11,38.4,3.648057459593681,-0.004158010148664015
2022-11-14,38.12,3.6407390787860012,-0.00731838080767977
2022-11-15,38.26,3.644404964012107,0.0036658852261055586
2022-11-16,38.77,3.657646751682838,0.013241787670731142
2022-11-17,38.42,3.6485781573404106,-0.00906859434242735
2022-11-18,39.24,3.6696966346971625,0.021118477356751875
2022-11-21,39.07,3.6653549090669792,-0.004341725630183202
2022-11-22,39.55,3.677565694213663,0.012210785146683723
2022-11-23,39.69,3.681099266794974,0.0035335725813108176
2022-11-25,39.98,3.6883793290722537,0.007280062277279953
2022-11-28,39.75,3.6826098411003407,-0.005769487971913012
2022-11-29,39.7,3.681351187693145,-0.0012586534071958866
2022-11-30,40.46,3.7003138317395994,0.018962644046454535
2022-12-01,39.86,3.685373314784649,-0.014940516954950578
2022-12-02,39.64,3.6798387094617873,-0.005534605322861541
2022-12-05,39.5,3.676300671907076,-0.0035380375547111598
2022-12-06,39.9,3.686376323895818,0.010075651988741718
2022-12-07,39.49,3.676047475298558,-0.01032884859725991
2022-12-08,40.03,3.6896291730044823,0.013581697705924434
2022-12-09,39.95,3.6876286722122837,-0.0020005007921986007
2022-12-12,40.21,3.6941157209091826,0.006487048696898867
2022-12-13,40.12,3.691874963093735,-0.002240757815447747
2022-12-14,40.53,3.7020424406402173,0.010167477546482395
2022-12-15,39.98,3.6883793290722537,-0.013663111567963515
2022-12-16,39.5,3.676300671907076,-0.012078657165177642
2022-12-19,39.1,3.66612246699132,-0.010178204915756162
2022-12-20,39.02,3.6640743351949654,-0.0020481317963545465
2022-12-21,39.89,3.686125665917315,0.02205133072234977
2022-12-22,39.57,3.678071255397333,-0.008054410519982014
2022-12-23,40.02,3.6893793291555874,0.011308073758254267
2022-12-27,40.28,3.6958550678503617,0.006475738694774247
2022-12-28,39.89,3.686125665917315,-0.0097294019330465
2022-12-29,40.22,3.6943643843445058,0.008238718427190594
2022-12-30,39.55,3.677565694213663,-0.016798690130842786
2023-01-03,39.51,3.6765538044232993,-0.001011889790363707
2023-01-04,39.56,3.6778185067545115,0.0012647023312122307
2023-01-05,38.72,3.656356262408376,-0.021462244346135417
2023-01-06,39.16,3.6676558176623097,0.011299555253933669
2023-01-09,39.85,3.685122405236224,0.017466587573914172
2023-01-10,39.73,3.6821065698265074,-0.003015835409716505
2023-01-11,40.17,3.693120448371191,0.011013878544683386
2023-01-12,40.22,3.6943643843445058,0.001243935973314958
2023-01-13,39.94,3.6873783279876693,-0.0069860563568364675
2023-01-17,39.54,3.6773128177424708,-0.010065510245198528
2023-01-18,38.75,3.657130755799356,-0.020182061943114782
2023-01-19,37.98,3.63705970538414,-0.020071050415216174
2023-01-20,38.36,3.6470152500152375,0.009955544631097712
2023-01-23,38.37,3.647275904258861,0.0002606542436236481
2023-01-24,38.92,3.6615082573178044,0.014232353058943215
2023-01-25,39.03,3.6643305811925235,0.002822323874719146
2023-01-26,39.23,3.6694417602214613,0.005111179028937762
2023-01-27,39.23,3.6694417602214613,0.0
2023-01-30,39.03,3.6643305811925235,-0.005111179028937762
2023-01-31,39.32,3.671733295278966,0.00740271408644233
2023-02-01,39.83,3.684620397193553,0.012887101914587085
2023-02-02,39.83,3.684620397193553,0.0
2023-02-03,38.8,3.6584202466292277,-0.02620015056432523
2023-02-06,38.96,3.6625354787743345,0.004115232145106784
2023-02-07,39.12,3.6666338451666167,0.004098366392282227
2023-02-08,38.37,3.647275904258861,-0.019357940907755555
2023-02-09,37.88,3.6344232683178777,-0.012852635940983514
2023-02-10,38.48,3.6501386257975055,0.015715357479627823
2023-02-13,38.82,3.658935577740864,0.00879695194335861
2023-02-14,38.36,3.6470152500152375,-0.011920327725626567
2023-02-15,38.35,3.646754527813265,-0.0002607222019723743
2023-02-16,38.02,3.6381123370602833,-0.008642190752981893
2023-02-17,38.41,3.6483178423578133,0.01020550529753006
2023-02-21,37.75,3.6309854756950335,-0.01733236666277982
2023-02-22,37.69,3.629394807279044,-0.0015906684159894269
2023-02-23,37.27,3.618188713491167,-0.01120609378787707
2023-02-24,37.03,3.6117283949255214,-0.006460318565645551
2023-02-27,36.57,3.59922823216129,-0.012500162764231604
2023-02-28,35.72,3.575710756008298,-0.023517476152991712
2023-03-01,35.14,3.559340082758951,-0.016370673249347156
2023-03-02,35.61,3.5726264972896864,0.013286414530735424
2023-03-03,35.8,3.5779478934066544,0.005321396116968025
2023-03-06,35.84,3.57906458810673,0.0011166947000753602
2023-03-07,35.3,3.563882963939251,-0.015181624167478702
2023-03-08,35.68,3.5745903077118086,0.010707343772557554
2023-03-09,35.07,3.5573460641520867,-0.017244243559721983
2023-03-10,34.4,3.5380565643793527,-0.019289499772733976
2023-03-13,34.63,3.5447203584143305,0.006663794034977855
2023-03-14,35.33,3.5647324613710536,0.020012102956723066
2023-03-15,35.7,3.5751506887855933,0.010418227414539682
2023-03-16,36.12,3.5868467285487844,0.011696039763191113
2023-03-17,35.68,3.5745903077118086,-0.012256420836975757
2023-03-20,36.53,3.5981338408071912,0.023543533095382596
2023-03-21,36.03,3.5843519247600018,-0.01378191604718948
2023-03-22,35.14,3.559340082758951,-0.025011842001050777
2023-03-23,34.46,3.5397992310997837,-0.019540851659167302
2023-03-24,35.67,3.5743099993708003,0.03451076827101662
2023-03-27,35.81,3.5782271840103412,0.003917184639540938
2023-03-28,36.2,3.5890591188317256,0.010831934821384337
2023-03-29,36.99,3.610647605844363,0.02158848701263727
2023-03-30,37.23,3.6171148878846253,0.006467282040262479
2023-03-31,37.66,3.628598523229006,0.011483635344380794
2023-04-03,37.23,3.6171148878846253,-0.011483635344380794
2023-04-04,37.54,3.6254070311583626,0.008292143273737285
2023-04-05,38.96,3.6625354787743345,0.037128447615971893
2023-04-06,38.49,3.6503984672956546,-0.012137011478679849
2023-04-10,38.65,3.654546775033431,0.004148307737776413
2023-04-11,38.53,3.6514371586380663,-0.003109616395364778
2023-04-12,38.6,3.653252276470785,0.0018151178327188155
2023-04-13,38.14,3.641263600172273,-0.011988676298511969
2023-04-14,37.94,3.636005964506868,-0.005257635665405047
2023-04-17,37.86,3.633895145781177,-0.002110818725691299
2023-04-18,37.24,3.617383452408866,-0.01651169337231062
2023-04-19,37.6,3.6270040503958487,0.00962059798698256
2023-04-20,37.4,3.6216707044204863,-0.005333345975362391
2023-04-21,37.62,3.627535823872884,0.00586511945239776
2023-04-24,37.93,3.6357423557008075,0.008206531827923413
2023-04-25,37.93,3.6357423557008075,0.0
2023-04-26,37.09,3.6133473915014993,-0.022394964199308198
2023-04-27,37.73,3.6304555339762192,0.017108142474719923
2023-04-28,37.54,3.6254070311583626,-0.005048502817856626
2023-05-01,37.43,3.6224725219163374,-0.0029345092420252072
2023-05-02,36.82,3.6060411758049318,-0.01643134611140562
2023-05-03,36.81,3.60576954739093,-0.00027162841400185656
2023-05-04,37.33,3.6197972929264925,0.01402774553556263
2023-05-05,37.75,3.6309854756950335,0.011188182768540944
2023-05-08,37.55,3.6256733782101436,-0.005312097484889922
2023-05-09,37.59,3.6267380575760866,0.001064679365943011
2023-05-10,37.97,3.636796374243711,0.010058316667624467
2023-05-11,37.52,3.624874124138024,-0.011922250105687038
2023-05-12,37.77,3.6315151367243654,0.0066410125863414216
2023-05-15,37.21,3.6165775423585313,-0.014937594365834084
2023-05-16,36.63,3.6008675767907232,-0.015709965567808126
2023-05-17,36.46,3.596215769250517,-0.004651807540206221
2023-05-18,36.59,3.5997749790311153,0.003559209780598316
2023-05-19,36.12,3.5868467285487844,-0.012928250482330927
2023-05-22,36.2,3.5890591188317256,0.002212390282941179
2023-05-23,35.97,3.5826852577075323,-0.0063738611241932475
2023-05-24,35.75,3.5765502691400166,-0.006134988567515709
2023-05-25,34.94,3.5536323047059106,-0.022917964434105986
2023-05-26,34.96,3.5542045507873348,0.0005722460814241437
2023-05-30,35.01,3.555633734966574,0.0014291841792393178
2023-05-31,35.28,3.5633162311385904,0.007682496172016329
2023-06-01,35.01,3.555633734966574,-0.007682496172016329
2023-06-02,35.68,3.5745903077118086,0.018956572745234546
2023-06-05,35.77,3.5771095532709265,0.0025192455591178664
2023-06-06,35.69,3.574870537502069,-0.002239015768857655
2023-06-07,36.46,3.596215769250517,0.021345231748448157
2023-06-08,36.53,3.5981338408071912,0.001918071556674228
2023-06-09,36.25,3.590439381300684,-0.007694459506507378
2023-06-12,36.21,3.58933532377755,-0.0011040575231340277
2023-06-13,36.27,3.590990953294811,0.0016556295172613922
2023-06-14,36.21,3.58933532377755,-0.0016556295172613922
2023-06-15,36.55,3.5986811861957873,0.009345862418237427
2023-06-16,36.8,3.6054978451748854,0.006816658979098111
2023-06-20,36.44,3.5956670723917576,-0.009830772783127717
2023-06-21,36.58,3.5995016429627196,0.003834570570961926
2023-06-22,36.19,3.588782837575651,-0.010718805387068375
2023-06-23,35.68,3.5745903077118086,-0.014192529863842562
2023-06-26,36.06,3.585184217775171,0.010593910063362522
2023-06-27,36.09,3.586015818654697,0.00083160087952594
2023-06-28,35.48,3.5689691574413787,-0.017046661213318437
2023-06-29,35.56,3.571221410645704,0.0022522532043254273
2023-06-30,35.91,3.5810158082379915,0.009794397592287396
2023-07-03,36.22,3.589611452455267,0.008595644217275655
2023-07-05,36.53,3.5981338408071912,0.008522388351924093
2023-07-06,36.25,3.590439381300684,-0.007694459506507378
2023-07-07,35.57,3.571502585960364,-0.01893679534031989
2023-07-10,35.31,3.564166209940295,-0.007336376020068869
2023-07-11,35.76,3.576829950305313,0.01266374036501805
2023-07-12,36.26,3.590715205326705,0.013885255021391707
2023-07-13,36.53,3.5981338408071912,0.00741863548048638
2023-07-14,36.35,3.5931942039795284,-0.004939636827662852
2023-07-17,35.6,3.572345637857985,-0.0208485661215434
2023-07-18,35.49,3.569250966658405,-0.003094671199579846
2023-07-19,35.96,3.5824072096034194,0.013156242945014274
2023-07-20,36.55,3.5986811861957873,0.016273976592367845
2023-07-21,36.99,3.610647605844363,0.011966419648575588
2023-07-24,36.58,3.5995016429627196,-0.011145962881643268
2023-07-25,36.73,3.6035938598315758,0.004092216868856191
2023-07-26,36.92,3.6087534096346516,0.005159549803075869
2023-07-27,36.09,3.586015818654697,-0.022737590979954536
2023-07-28,35.96,3.5824072096034194,-0.003608609051277689
2023-07-31,36.15,3.5876769486047735,0.005269739001354079
2023-08-01,35.99,3.5832411220909393,-0.004435826513834229
2023-08-02,36.18,3.588506479967149,0.005265357876209631
2023-08-03,35.26,3.562749176969724,-0.025757302997424958
2023-08-04,34.68,3.546163151912341,-0.016586025057383047
2023-08-07,34.66,3.54558628428746,-0.0005768676248809612
2023-08-08,34.53,3.541828511401901,-0.0037577728855588965
2023-08-09,34.53,3.541828511401901,0.0
2023-08-10,34.46,3.5397992310997837,-0.0020292803021173533
2023-08-11,34.57,3.5429862539335333,0.0031870228337496087
2023-08-14,33.91,3.523709956137547,-0.019276297795986164
2023-08-15,33.43,3.509453700432007,-0.0142562557055399
2023-08-16,33.77,3.5195728343974766,0.010119133965469373
2023-08-17,33.89,3.52311998561896,0.0035471512214835244
2023-08-18,34.12,3.5298837226234783,0.0067637370045181555
2023-08-21,33.81,3.520756616719795,-0.009127105903683486
2023-08-22,34.13,3.530176762918616,0.009420146198821033
2023-08-23,34.34,3.5363108554693294,0.006134092550713621
2023-08-24,34.09,3.5290040861498118,-0.007306769319517681
2023-08-25,34.23,3.533102452542094,0.004098366392282227
2023-08-28,34.16,3.531055368920369,-0.002047083621724788
2023-08-29,34.42,3.5386377907833935,0.007582421863024269
2023-08-30,34.37,3.5371840908617425,-0.0014536999216510083
2023-08-31,34.05,3.527830032595521,-0.009354058266221266
2023-09-01,33.78,3.519868911379654,-0.007961121215867006
2023-09-05,33.28,3.5049566159530077,-0.014912295426646516
2023-09-06,33.28,3.5049566159530077,0.0
2023-09-07,34.04,3.5275363037051735,0.02257968775216579
2023-09-08,34.62,3.544431549748063,0.0168952460428895
2023-09-11,34.85,3.551053137206533,0.0066215874584698575
2023-09-12,34.9,3.5524868292083815,0.0014336920018487298
2023-09-13,35.21,3.5613301331669613,0.008843303958579796
2023-09-14,35.6,3.572345637857985,0.011015504691023636
2023-09-15,35.77,3.5771095532709265,0.004763915412941522
2023-09-18,36.0,3.58351893845611,0.006409385185183414
2023-09-19,35.6,3.572345637857985,-0.011173300598124936
2023-09-20,35.63,3.5731879796177446,0.0008423417597596128
2023-09-21,35.23,3.561897992353146,-0.011289987264598622
2023-09-22,35.08,3.5576311675039825,-0.00426682484916352
2023-09-25,35.09,3.5579161895951237,0.00028502209114122934
2023-09-26,33.85,3.521938999358284,-0.03597719023683954
2023-09-27,33.52,3.5121422756138823,-0.00979672374440188
2023-09-28,33.18,3.5019472847622986,-0.010194990851583707
2023-09-29,33.33,3.506457892319648,0.004510607557349555
2023-10-02,31.94,3.4638591427868666,-0.04259874953278153
2023-10-03,32.32,3.4756862336528944,0.011827090866027845
2023-10-04,32.32,3.4756862336528944,0.0
2023-10-05,32.64,3.4855385300959063,0.009852296443011888
2023-10-06,32.64,3.4855385300959063,0.0
2023-10-09,33.15,3.5010427166318716,0.015504186535965303
2023-10-10,33.43,3.509453700432007,0.008410983800135607
2023-10-11,34.02,3.5269485869677157,0.01749488653570852
2023-10-12,33.86,3.522234376704989,-0.00471421026272667
2023-10-13,34.12,3.5298837226234783,0.007649345918489203
2023-10-16,34.57,3.5429862539335333,0.01310253131005501
2023-10-17,34.29,3.534853766474829,-0.008132487458704318
2023-10-18,34.08,3.528710701961115,-0.006143064513714158
2023-10-19,33.9,3.5234150143864045,-0.005295687574710328
2023-10-20,33.52,3.5121422756138823,-0.011272738772522217
2023-10-23,33.2,3.502549875922443,-0.009592399691439102
2023-10-24,33.96,3.5251833614431467,0.022633485520703545
2023-10-25,34.23,3.533102452542094,0.007919091098947284
2023-10-26,34.44,3.53921867955953,0.006116227017435971
2023-10-27,33.8,3.520460802488973,-0.018757877070556983
2023-10-30,34.01,3.526654599019104,0.006193796530130857
2023-10-31,34.2,3.5322256440685598,0.005571045049455936
2023-11-01,34.5,3.5409593240373143,0.008733679968754515
2023-11-02,35.53,3.5703774100329357,0.029418085995621457
2023-11-03,35.25,3.5624655292582776,-0.007911880774658098
2023-11-06,34.59,3.5435646229490776,-0.01890090630920005
2023-11-07,34.38,3.5374749999547035,-0.0060896229943741
2023-11-08,33.79,3.5201649007261984,-0.017310099228505127
2023-11-09,33.94,3.52459425980608,0.004429359079881845
2023-11-10,33.97,3.5254777821724925,0.0008835223664123149
2023-11-13,33.56,3.5133348815990053,-0.012142900573487214
2023-11-14,34.77,3.5487549460197703,0.03542006442076495
2023-11-15,34.47,3.540089380528774,-0.008665565490996396
2023-11-16,35.07,3.5573460641520867,0.017256683623312785
2023-11-17,34.78,3.549042508926137,-0.008303555225949832
2023-11-20,34.68,3.546163151912341,-0.0028793570137959357
2023-11-21,34.69,3.5464514609816584,0.0002883090693175383
2023-11-22,34.9,3.5524868292083815,0.006035368226723126
2023-11-24,34.81,3.5499047018233476,-0.002582127385033939
2023-11-27,34.93,3.5533460588187404,0.0034413569953928302
2023-11-28,35.07,3.5573460641520867,0.004000005333346213
2023-11-29,34.79,3.5493299891638506,-0.008016074988236088
2023-11-30,35.05,3.5567756134805992,0.007445624316748667
2023-12-01,35.49,3.569250966658405,0.012475353177805903
2023-12-04,35.58,3.571783682237689,0.0025327155792838063
2023-12-05,35.24,3.562181801067979,-0.009601881169710058
2023-12-06,35.64,3.573468602602609,0.011286801534629909
2023-12-07,35.58,3.571783682237689,-0.0016849203649198508
2023-12-08,35.2,3.5610460826040513,-0.010737599633637629
2023-12-11,35.4,3.5667118201397288,0.005665737535677451
2023-12-12,35.32,3.564449375735759,-0.00226244440396961
2023-12-13,36.58,3.5995016429627196,0.03505226722696042
2023-12-14,36.26,3.590715205326705,-0.008786437636014721
2023-12-15,35.52,3.5700959181239695,-0.020619287202735315
2023-12-18,35.39,3.566429294357372,-0.003666623766597432
2023-12-19,35.71,3.575430761606357,0.009001467248984873
2023-12-20,34.82,3.550191934340043,-0.02523882726631399
2023-12-21,34.95,3.5539184686798193,0.0037265343397763218
2023-12-22,35.04,3.5564902660681907,0.002571797388371433
2023-12-26,34.98,3.554776469590456,-0.0017137964777349524
2023-12-27,34.75,3.548179572010801,-0.006596897579654648
2023-12-28,34.94,3.5536323047059106,0.005452732695109486
2023-12-29,34.93,3.5533460588187404,-0.00028624588717018895
2024-01-02,35.41,3.566994266123812,0.013648207305071658
2024-01-03,35.58,3.571783682237689,0.004789416113876843
2024-01-04,35.73,3.5759906720353185,0.004206989797629568
2024-01-05,35.51,3.5698143469549963,-0.006176325080322176
2024-01-08,35.47,3.5686872687855304,-0.0011270781694658893
2024-01-09,35.43,3.5675589188773804,-0.0011283499081500281
2024-01-10,35.44,3.56784112573688,0.0002822068594996452
2024-01-11,34.27,3.5342703358865175,-0.03357078985036255
2024-01-12,34.35,3.536602018668358,0.002331682781840705
2024-01-16,33.6,3.5145260669691587,-0.022075951699199514
2024-01-17,33.22,3.503152104185149,-0.011373962784009706
2024-01-18,33.08,3.4989288701554906,-0.004223234029658407
2024-01-19,33.15,3.5010427166318716,0.0021138464763810205
2024-01-22,32.74,3.488597571942989,-0.012445144688882692
2024-01-23,32.92,3.494080375808869,0.0054828038658802924
2024-01-24,32.31,3.475376779836407,-0.018703595972462406
2024-01-25,32.96,3.495294705041271,0.01991792520486424
2024-01-26,32.89,3.4931686602009657,-0.002126044840305319
2024-01-29,33.27,3.5046560900303856,0.01148742982941986
2024-01-30,33.13,3.5004392163118045,-0.004216873718581038
2024-01-31,33.24,3.5037539699872475,0.003314753675442983
2024-02-01,33.87,3.5225296668296804,0.018775696842432854
2024-02-02,33.3,3.505557396986398,-0.016972269843282373
2024-02-05,32.64,3.4855385300959063,-0.020018866890491704
2024-02-06,32.59,3.4840054928494704,-0.001533037246435942
2024-02-07,32.66,3.4861510875423187,0.0021455946928483627
2024-02-08,32.47,3.4803165861147547,-0.005834501427564032
2024-02-09,32.66,3.4861510875423187,0.005834501427564032
2024-02-12,32.92,3.494080375808869,0.007929288266550483
2024-02-13,32.31,3.475376779836407,-0.018703595972462406
2024-02-14,32.44,3.479392229247212,0.0040154494108053385
2024-02-15,32.92,3.494080375808869,0.014688146561657067
2024-02-16,33.0,3.4965075614664802,0.0024271856576110196
2024-02-20,32.92,3.494080375808869,-0.0024271856576110196
2024-02-21,33.58,3.5139306516493947,0.019850275840525455
2024-02-22,33.24,3.5037539699872475,-0.010176681662147136
2024-02-23,33.48,3.5109482456212744,0.007194275634026859
2024-02-26,32.82,3.4910380856619447,-0.019910159959329654
2024-02-27,33.27,3.5046560900303856,0.01361800436844085
2024-02-28,33.11,3.4998353515591547,-0.004820738471230879
2024-02-29,32.91,3.4937765629552486,-0.006058788603906073
2024-03-01,32.84,3.4916472845842277,-0.0021292783710209484
2024-03-04,33.53,3.512440560478137,0.020793275893909335
2024-03-05,33.59,3.5142284036242013,0.001787843146064283
2024-03-06,33.9,3.5234150143864045,0.009186610762203173
2024-03-07,34.11,3.5295905964305545,0.00617558204415003
2024-03-08,33.85,3.521938999358284,-0.007651597072270366
2024-03-11,34.12,3.5298837226234783,0.007944723265194131
2024-03-12,33.8,3.520460802488973,-0.009422920134505297
2024-03-13,33.97,3.5254777821724925,0.005016979683519551
2024-03-14,33.43,3.509453700432007,-0.016024081740485308
2024-03-15,33.52,3.5121422756138823,0.0026885751818750414
2024-03-18,33.67,3.516607233172983,0.004464957559100924
2024-03-19,34.03,3.5272424885128144,0.010635255339831229
2024-03-20,33.59,3.5142284036242013,-0.013014084888613109
2024-03-21,33.58,3.5139306516493947,-0.00029775197480663707
2024-03-22,33.71,3.5177945292459696,0.003863877596574916
2024-03-25,33.67,3.516607233172983,-0.001187296072986399
2024-03-26,33.37,3.5076572927632825,-0.008949940409700652
2024-03-27,34.35,3.536602018668358,0.028944725905075686
2024-03-28,34.3,3.535145354171894,-0.0014566644964641995
2024-04-01,34.35,3.536602018668358,0.0014566644964641995
2024-04-02,34.55,3.542407550213679,0.005805531545320708
2024-04-03,34.33,3.5360196074696004,-0.006387942744078501
2024-04-04,34.23,3.533102452542094,-0.002917154927506438
2024-04-05,33.71,3.5177945292459696,-0.015307923296124404
2024-04-08,34.03,3.5272424885128144,0.00944795926684483
2024-04-09,34.22,3.5328102684640474,0.005567779951233032
2024-04-10,33.08,3.4989288701554906,-0.033881398308556854
2024-04-11,33.08,3.4989288701554906,0.0
2024-04-12,32.92,3.494080375808869,-0.004848494346621379
2024-04-15,32.86,3.492256112609122,-0.001824263199747378
2024-04-16,32.49,3.480932349681009,-0.011323762928112657
2024-04-17,32.94,3.494687724749494,0.013755375068484899
2024-04-18,33.15,3.5010427166318716,0.006354991882377536
2024-04-19,34.05,3.527830032595521,0.026787315963649583
2024-04-22,34.04,3.5275363037051735,-0.0002937288903477331
2024-04-23,33.92,3.5240048109237025,-0.003531492781470913
2024-04-24,34.32,3.5357282746197614,0.011723463696058811
2024-04-25,34.48,3.5403794457954922,0.004651171175730884
2024-04-26,33.82,3.5210523434704344,-0.019327102325057854
2024-04-29,34.62,3.544431549748063,0.023379206277628573
2024-04-30,34.65,3.5452977256359124,0.0008661758878494297
2024-05-01,35.05,3.5567756134805992,0.01147788784468684
2024-05-02,35.02,3.555919326857706,-0.0008562866228931654
2024-05-03,35.18,3.560477739309412,0.004558412451705962
2024-05-06,35.57,3.571502585960364,0.011024846650951936
2024-05-07,35.97,3.5826852577075323,0.01118267174716836
2024-05-08,36.02,3.58407433974781,0.001389082040277767
2024-05-09,36.45,3.5959414584546674,0.011867118706857305
2024-05-10,36.38,3.5940191730899764,-0.0019222853646909677
2024-05-13,36.3,3.591817741270805,-0.002201431819171429
2024-05-14,36.37,3.5937442589988975,0.0019265177280924917
2024-05-15,36.63,3.6008675767907232,0.007123317791825734
2024-05-16,36.83,3.606312730456974,0.005445153666250757
2024-05-17,36.96,3.6098362467734835,0.0035235163165094896
2024-05-20,36.98,3.610377225958979,0.0005409791854953383
2024-05-21,37.2,3.616308761279101,0.005931535320122361
2024-05-22,36.57,3.59922823216129,-0.017080529117811327
2024-05-23,35.62,3.5729072778615154,-0.026320954299774435
2024-05-24,35.65,3.573749146860305,0.0008418689987896855
2024-05-28,35.45,3.5681232529781366,-0.005625893882168498
2024-05-29,34.96,3.5542045507873348,-0.013918702190801824
2024-05-30,35.35,3.565298392342582,0.011093841555247064
2024-05-31,36.3,3.591817741270805,0.026519348928223163
2024-06-03,36.19,3.588782837575651,-0.003034903695153801
2024-06-04,36.55,3.5986811861957873,0.009898348620136055
2024-06-05,35.92,3.581294243433999,-0.017386942761788315
2024-06-06,35.59,3.5720646995221013,-0.009229543911897675
2024-06-07,35.41,3.566994266123812,-0.005070433398289165
2024-06-10,35.5,3.56953269648137,0.0025384303575579636
2024-06-11,35.55,3.5709401562492498,0.001407459767879704
2024-06-12,35.41,3.566994266123812,-0.003945890125437668
2024-06-13,35.34,3.5650154668915506,-0.001978799232261519
2024-06-14,35.24,3.562181801067979,-0.002833665823571696
2024-06-17,35.13,3.559055466277736,-0.003126334790243046
2024-06-18,35.11,3.558485990180341,-0.0005694760973948831
2024-06-20,35.29,3.5635996376871786,0.005113647506837626
2024-06-21,35.33,3.5647324613710536,0.0011328236838750172
2024-06-24,35.85,3.5793435670456293,0.014611105674575686
2024-06-25,35.26,3.562749176969724,-0.016594390075905352
2024-06-26,35.26,3.562749176969724,0.0
2024-06-27,35.58,3.571783682237689,0.00903450526796501
2024-06-28,35.7,3.5751506887855933,0.0033670065479043387
2024-07-01,35.36,3.5655812377694427,-0.009569451016150587
2024-07-02,35.43,3.5675589188773804,0.0019776811079377232
2024-07-03,35.6,3.572345637857985,0.004786718980604565
2024-07-05,35.52,3.5700959181239695,-0.002249719734015443
2024-07-08,35.12,3.558770768766916,-0.011325149357053643
2024-07-09,35.24,3.562181801067979,0.0034110323010629884
2024-07-10,35.74,3.576270509731282,0.014088708663303251
2024-07-11,36.61,3.600321427132145,0.024050917400862737
2024-07-12,36.71,3.603049197508743,0.0027277703765982153
2024-07-15,36.28,3.591266625246936,-0.011782572261807012
2024-07-16,36.66,3.6016862424115588,0.010419617164622696
2024-07-17,37.06,3.6125382208572137,0.010851978445654886
2024-07-18,37.02,3.6114583071453517,-0.0010799137118620017
2024-07-19,37.04,3.6119984097779785,0.0005401026326268266
2024-07-22,37.38,3.6211358020274167,0.009137392249438214
2024-07-23,37.37,3.6208682434973927,-0.00026755853002402574
2024-07-24,37.75,3.6309854756950335,0.010117232197640824
2024-07-25,38.05,3.6389010843076948,0.007915608612661273
2024-07-26,38.33,3.6462328793924637,0.007331795084768888
2024-07-29,38.33,3.6462328793924637,0.0
2024-07-30,38.82,3.658935577740864,0.012702698348400432
2024-07-31,38.77,3.657646751682838,-0.0012888260580261601
2024-08-01,39.7,3.681351187693145,0.023704436010306917
2024-08-02,39.78,3.683364273425826,0.002013085732681219
2024-08-05,38.44,3.6490985841020915,-0.03426568932373453
2024-08-06,38.82,3.658935577740864,0.009836993638772551
2024-08-07,39.37,3.673004104955646,0.014068527214782023
2024-08-08,39.16,3.6676558176623097,-0.005348287293336362
2024-08-09,39.32,3.671733295278966,0.004077477616656111
2024-08-12,39.13,3.666889436222321,-0.004843859056644639
2024-08-13,39.33,3.671987586443718,0.005098150221396924
2024-08-14,39.28,3.670715483486265,-0.0012721029574529474
2024-08-15,38.98,3.6630486940794147,-0.007666789406850505
2024-08-16,39.28,3.670715483486265,0.007666789406850505
2024-08-19,39.3,3.6712245188752153,0.0005090353889500854
2024-08-20,39.3,3.6712245188752153,0.0
2024-08-21,39.56,3.6778185067545115,0.006593987879296215
2024-08-22,39.46,3.6752875005944694,-0.002531006160042093
2024-08-23,39.56,3.6778185067545115,0.002531006160042093
2024-08-26,39.64,3.6798387094617873,0.0020202027072757645
2024-08-27,39.31,3.671478939433769,-0.008359770028018243
2024-08-28,39.31,3.671478939433769,0.0
2024-08-29,39.36,3.6727500721840527,0.0012711327502836767
2024-08-30,39.56,3.6778185067545115,0.005068434570458802
2024-09-03,39.7,3.681351187693145,0.003532680938633348
2024-09-04,40.07,3.6906279246480533,0.009276736954908493
2024-09-05,39.94,3.6873783279876693,-0.0032495966603840465
2024-09-06,39.6,3.6788291182604347,-0.008549209727234608
2024-09-09,39.95,3.6876286722122837,0.00879955395184906
2024-09-10,40.0,3.6888794541139363,0.001250781901652509
2024-09-11,39.93,3.6871279210751298,-0.0017515330388064854
2024-09-12,40.01,3.6891294228691436,0.0020015017940138158
2024-09-13,40.97,3.7128400915587796,0.023710668689636005
2024-09-16,41.19,3.718195508447989,0.005355416889209597
2024-09-17,40.82,3.709172157381699,-0.009023351066290264
2024-09-18,40.61,3.7040143416982065,-0.005157815683492384
2024-09-19,40.12,3.691874963093735,-0.012139378604471673
2024-09-20,40.71,3.7064737625148876,0.01459879942115272
2024-09-23,40.99,3.7133281345162463,0.006854372001358744
2024-09-24,40.77,3.707946516831162,-0.005381617685084272
2024-09-25,40.69,3.7059823620135983,-0.0019641548175637347
2024-09-26,40.59,3.7035217308508064,-0.0024606311627919375
2024-09-27,40.84,3.7096619932964647,0.006140262445658351
2024-09-30,41.02,3.7140597526442347,0.0043977593477699806
2024-10-01,41.1,3.716008121502189,0.0019483688579544634
2024-10-02,41.22,3.718923575462313,0.002915453960123937
2024-10-03,40.94,3.7121075802331434,-0.006815995229169758
2024-10-04,40.62,3.7042605561522386,-0.007847024080904763
2024-10-07,39.76,3.6828613817883733,-0.021399174363865292
2024-10-08,39.84,3.6848714327163976,0.0020100509280243095
2024-10-09,39.94,3.6873783279876693,0.0025068952712716808
2024-10-10,39.65,3.680090948080857,-0.007287379906812497
2024-10-11,39.84,3.6848714327163976,0.004780484635540816
2024-10-14,40.11,3.6916256797819615,0.006754247065563934
2024-10-15,40.62,3.7042605561522386,0.012634876370277048
2024-10-16,40.99,3.7133281345162463,0.009067578364007733
2024-10-17,40.57,3.703028877218356,-0.010299257297890385
2024-10-18,41.15,3.717223927123079,0.014195049904722978
2024-10-21,40.8,3.708682081410116,-0.008541845712962903
2024-10-22,40.72,3.7067193722422673,-0.0019627091678486863
2024-10-23,41.02,3.7140597526442347,0.0073403804019673835
2024-10-24,40.98,3.7130841428107537,-0.0009756098334809948
2024-10-25,40.47,3.7005609588877744,-0.012523183922979353
2024-10-28,40.65,3.7049988359938197,0.004437877106045374
2024-10-29,40.03,3.6896291730044823,-0.015369662989337396
2024-10-30,39.69,3.681099266794974,-0.008529906209508553
2024-10-31,39.99,3.688629422858727,0.0075301560637530685
2024-11-01,39.66,3.68034312309165,-0.008286299767076954
2024-11-04,39.84,3.6848714327163976,0.004528309624747706
2024-11-05,41.03,3.714303506454095,0.029432073737697184
2024-11-06,42.19,3.7421832261362473,0.027879719682152526
2024-11-07,42.14,3.740997408376043,-0.0011858177602044329
2024-11-08,42.9,3.758871825933971,0.01787441755792818
2024-11-11,43.77,3.778948651202804,0.02007682526883281
2024-11-12,43.32,3.76861442213279,-0.010334229070013912
2024-11-13,42.95,3.7600366484302645,-0.008577773702525437
2024-11-14,41.8,3.7328963395307104,-0.0271403088995541
2024-11-15,42.79,3.7563044304287256,0.02340809089801521
2024-11-18,43.07,3.7628266990660193,0.00652226863729366
2024-11-19,43.17,3.765145809567386,0.0023191105013666835
2024-11-20,43.11,3.763754988759043,-0.001390820808342852
2024-11-21,43.81,3.779862101825807,0.016107113066763823
2024-11-22,43.81,3.779862101825807,0.0
2024-11-25,43.85,3.780774718818192,0.0009126169923852068
2024-11-26,44.04,3.785098311854479,0.004323593036287043
2024-11-27,44.08,3.786006164844659,0.0009078529901795918
2024-11-29,43.96,3.7832801295354206,-0.002726035309238206
2024-12-02,42.78,3.7560707036542595,-0.027209425881161042
2024-12-03,42.83,3.7572387916272794,0.0011680879730198157
2024-12-04,43.0,3.7612001156935624,0.003961324066283023
2024-12-05,43.1,3.763522997109702,0.002322881416139566
2024-12-06,42.3,3.744787086052232,-0.018735911057469856
2024-12-09,41.8,3.7328963395307104,-0.011890746521521667
2024-12-10,42.18,3.7419461750506287,0.009049835519918226
2024-12-11,42.05,3.738859386418957,-0.0030867886316716664
2024-12-12,42.04,3.7386215460087504,-0.0002378404102065801
2024-12-13,42.05,3.738859386418957,0.0002378404102065801
2024-12-16,41.88,3.734808386002336,-0.004051000416620987
2024-12-17,41.78,3.7324177561284198,-0.00239062987391625
2024-12-18,40.52,3.7017956793804827,-0.030622076747937044
2024-12-19,40.96,3.7125959807312525,0.010800301350769814
2024-12-20,41.01,3.713815939403968,0.0012199586727152933
2024-12-23,41.28,3.720378121173307,0.006562181769339315
2024-12-24,41.5,3.7256934272366524,0.005315306063345293
2024-12-26,41.37,3.72255598047332,-0.0031374467633322745
2024-12-27,41.3,3.720862499966987,-0.0016934805063333336
2024-12-30,41.22,3.718923575462313,-0.0019389245046737003
2024-12-31,41.25,3.71965111278069,0.0007275373183768252
2025-01-02,41.29,3.720620339897999,0.0009692271173089573
2025-01-03,41.59,3.7278597537548204,0.007239413856821475
2025-01-06,40.24,3.6948615257914836,-0.032998227963336735
2025-01-07,40.55,3.702535780561422,0.007674254769938216
2025-01-08,40.85,3.709906821306012,0.007371040744589941
2025-01-10,39.76,3.6828613817883733,-0.027045439517638492
2025-01-13,40.03,3.6896291730044823,0.0067677912161090426
2025-01-14,40.74,3.70721041079866,0.01758123779417753
2025-01-15,41.08,3.7155213850603572,0.008310974261697357
2025-01-16,42.37,3.7464405646384678,0.030919179578110523
2025-01-17,42.57,3.751149779840061,0.004709215201593064
2025-01-21,43.36,3.769537357131391,0.018387577291330004
2025-01-22,42.5,3.7495040759303713,-0.020033281201019548
2025-01-23,43.12,3.7639869266007415,0.01448285067037025
2025-01-24,43.2,3.765840495250065,0.0018535686493232895
2025-01-27,42.69,3.7539647007698704,-0.01187579448019438
2025-01-28,42.14,3.740997408376043,-0.012967292393827545
2025-01-29,42.09,3.7398101827824792,-0.0011872255935636566
2025-01-30,42.72,3.7546671946519394,0.014857011869460202
2025-01-31,42.23,3.743130868945852,-0.011536325706087425
2025-02-03,42.3,3.744787086052232,0.0016562171063800868
2025-02-04,42.37,3.7464405646384678,0.0016534785862356571
2025-02-05,42.62,3.752323626670471,0.005883062032003394
2025-02-06,42.51,3.749739342370699,-0.0025842842997723103
2025-02-07,42.7,3.754198920234579,0.004459577863880071
2025-02-10,42.84,3.757472245579548,0.003273325344969269
2025-02-11,43.4,3.770459441106359,0.012987195526811046
2025-02-12,43.37,3.7697679578472747,-0.0006914832590845243
2025-02-13,43.72,3.777805663308338,0.008037705461063194
2025-02-14,43.53,3.773450355564206,-0.004355307744131842
2025-02-18,43.86,3.781002742989742,0.0075523874255361
2025-02-19,44.02,3.7846440760983158,0.003641333108573619
2025-02-20,44.3,3.7909846770510898,0.006340600952774
2025-02-21,45.2,3.8110970868381857,0.020112409787095942
2025-02-24,45.15,3.8099902798629945,-0.0011068069751911658
2025-02-25,45.26,3.8124236402053913,0.0024333603423967176
2025-02-26,45.42,3.8159525366774125,0.003528896472021259
2025-02-27,45.15,3.8099902798629945,-0.005962256814417977
2025-02-28,46.28,3.834709902325476,0.024719622462481272
2025-03-03,46.32,3.83557383326474,0.0008639309392641792
2025-03-04,45.12,3.8093256071898036,-0.026248226074936376
2025-03-05,44.65,3.798854307322508,-0.01047129986729578
2025-03-06,44.05,3.7853253523821886,-0.013528954940319249
2025-03-07,43.91,3.782142084573626,-0.0031832678085623733
2025-03-10,44.26,3.7900813346229034,0.007939250049277202
2025-03-11,44.07,3.7857792788538958,-0.004302055769007662
2025-03-12,44.35,3.7921127087555884,0.006333429901692611
2025-03-13,44.39,3.793014218845944,0.0009015100903555506
2025-03-14,45.06,3.8079949350040985,0.01498071615815455
2025-03-17,44.86,3.803546529092062,-0.004448405912036435
2025-03-18,44.77,3.8015382722528743,-0.0020082568391877054
2025-03-19,45.19,3.810875823423188,0.009337551170313763
2025-03-20,45.26,3.8124236402053913,0.0015478167822031708
2025-03-21,44.96,3.8057732055854356,-0.006650434619955625
2025-03-24,45.1,3.8088822465086327,0.0031090409231970817
2025-03-25,44.34,3.7918872041881655,-0.016995042320467224
2025-03-26,44.83,3.802877558167348,0.010990353979182466
2025-03-27,45.06,3.8079949350040985,0.005117376836750509
2025-03-28,45.49,3.817492521581913,0.00949758657781441
2025-03-31,45.96,3.827771452980555,0.010278931398642221
2025-04-01,46.13,3.8314634975697293,0.0036920445891741593
2025-04-02,46.38,3.8368683318273855,0.005404834257656255
2025-04-03,46.0,3.828641396489095,-0.008226935338290442
2025-04-04,43.66,3.7764323511217976,-0.052209045367297424
2025-04-07,42.24,3.743367639398006,-0.03306471172379144
2025-04-08,42.23,3.743130868945852,-0.00023677045215420023
2025-04-09,43.43,3.7711504465467307,0.028019577600878698
2025-04-10,43.29,3.7679216614538893,-0.003228785092841413
2025-04-11,44.12,3.786913194385302,0.018991532931412536
2025-04-14,44.76,3.8013148834437245,0.014401689058422651
2025-04-15,44.78,3.8017616111706087,0.0004467277268842551
2025-04-16,44.7,3.7999735016195233,-0.0017881095510854372
2025-04-17,45.1,3.8088822465086327,0.008908744889109421
2025-04-21,44.1,3.7864597824528,-0.02242246405583259
2025-04-22,45.27,3.8126445614478675,0.026184778995067326
2025-04-23,45.04,3.807550983831435,-0.005093577616432476
2025-04-24,45.21,3.811318301306514,0.0037673174750789684
2025-04-25,44.85,3.803323588504805,-0.007994712801708825
2025-04-28,45.47,3.8170527678369193,0.01372917933211415
2025-04-29,45.71,3.822317092343653,0.005264324506733864
2025-04-30,45.38,3.8150714793516958,-0.007245612991957362
2025-05-01,44.79,3.8019849002192085,-0.01308657913248723
2025-05-02,45.11,3.8091039514203047,0.007119051201096127
2025-05-05,45.14,3.8097687713893897,0.0006648199690850731
2025-05-06,45.27,3.8126445614478675,0.002875790058477712
2025-05-07,45.2,3.8110970868381857,-0.0015474746096817427
2025-05-08,44.34,3.7918872041881655,-0.019209882650020216
2025-05-09,44.38,3.792788917504448,0.0009017133162823043
2025-05-12,43.56,3.77413929806476,-0.018649619439687903
2025-05-13,43.06,3.762594491936217,-0.011544806128542806
2025-05-14,42.85,3.7577056450437887,-0.004888846892428411
2025-05-15,43.92,3.7823697972012753,0.02466415215748663
2025-05-16,44.36,3.7923381624821664,0.009968365280891067
2025-05-19,44.64,3.7986303180730556,0.006292155590889248
2025-05-20,44.91,3.8046604870996465,0.006030169026590926
2025-05-21,44.21,3.788951007838152,-0.015709479261494685
2025-05-22,43.79,3.779405480813307,-0.009545527024844791
2025-05-23,44.24,3.7896293572140793,0.01022387640077227
2025-05-27,44.55,3.796612153916818,0.006982796702738714
2025-05-28,43.69,3.7771192429633444,-0.019492910953473608
2025-05-29,44.18,3.788272197991971,0.011152955028626454
2025-05-30,44.47,3.794814804522605,0.00654260653063421
2025-06-02,44.34,3.7918872041881655,-0.0029276003344396173
2025-06-03,44.24,3.7896293572140793,-0.002257846974086153
2025-06-04,43.76,3.7787201581137255,-0.010909199100353817
2025-06-05,43.9,3.7819143200811256,0.0031941619674000776
2025-06-06,43.79,3.779405480813307,-0.00250883926781853
2025-06-09,43.77,3.778948651202804,-0.0004568296105031955
2025-06-10,44.0,3.784189633918261,0.005240982715457143
2025-06-11,44.19,3.7884985191426486,0.004308885224387549
2025-06-12,44.64,3.7986303180730556,0.010131798930407054
2025-06-13,44.31,3.7912103852113983,-0.007419932861657319
2025-06-16,43.87,3.7812307151781224,-0.009979670033275934
2025-06-17,43.9,3.7819143200811256,0.0006836049030032321
2025-06-18,43.88,3.7814586354070294,-0.0004556846740961795
2025-06-20,43.96,3.7832801295354206,0.0018214941283911656
2025-06-23,44.75,3.8010914447208646,0.017811315185443988
2025-06-24,44.72,3.8004208288468435,-0.0006706158740210633
2025-06-25,43.75,3.7784916128036232,-0.02192921604322029
2025-06-26,43.99,3.7839623353606284,0.005470722557005203
2025-06-27,44.04,3.785098311854479,0.0011359764938507766
2025-06-30,44.38,3.792788917504448,0.007690605649968596
2025-07-01,44.67,3.7993021353640275,0.006513217859579701
2025-07-02,44.23,3.789403291880235,-0.00989884348379233
2025-07-03,44.48,3.7950396499423267,0.005636358062091507
2025-07-07,43.99,3.7839623353606284,-0.01107731458169825
2025-07-08,43.59,3.774827766250301,-0.009134569110327284
2025-07-09,44.16,3.78781940196884,0.012991635718538674
2025-07-10,44.52,3.795938526407344,0.008119124438504155
2025-07-11,44.28,3.790533107840436,-0.005405418566907905
2025-07-14,44.48,3.7950396499423267,0.004506542101890609
2025-07-15,43.79,3.779405480813307,-0.015634169129019604
2025-07-16,44.12,3.786913194385302,0.007507713571994756
2025-07-17,44.11,3.786686514116848,-0.00022668026845362732
2025-07-18,44.54,3.7963876618292214,0.009701147712373182
2025-07-21,45.12,3.8093256071898036,0.012937945360582237
2025-07-22,45.77,3.8236288546655506,0.01430324747574696
2025-07-23,44.98,3.8062179465311696,-0.017410908134380954
2025-07-24,44.92,3.8048831298702424,-0.0013348166609272738
2025-07-25,44.86,3.803546529092062,-0.001336600778180319
2025-07-28,44.21,3.788951007838152,-0.01459552125391017
2025-07-29,44.91,3.8046604870996465,0.015709479261494685
2025-07-30,44.89,3.804215052793841,-0.00044543430580556986
2025-07-31,45.42,3.8159525366774125,0.011737483883571542
2025-08-01,45.33,3.813969064952758,-0.0019834717246545175
2025-08-04,45.9,3.8264651170664994,0.012496052113741385
2025-08-05,45.42,3.8159525366774125,-0.010512580389086867
2025-08-06,45.61,3.820126990723609,0.004174454046196541
2025-08-07,45.84,3.8251570724064843,0.00503008168287522
2025-08-08,45.37,3.8148510936758724,-0.010305978730611898
2025-08-11,45.18,3.810654511039857,-0.0041965826360153
2025-08-12,45.17,3.8104331496665127,-0.00022136137334438644
2025-08-13,45.65,3.8210036070409776,0.010570457374464937
2025-08-14,45.67,3.821441627196908,0.0004380201559301966
2025-08-15,45.09,3.8086604924329928,-0.01278113476391507
2025-08-18,44.57,3.7970609869584644,-0.011599505474528371
2025-08-19,45.1,3.8088822465086327,0.011821259550168328
2025-08-20,45.27,3.8126445614478675,0.0037623149392347344
2025-08-21,44.96,3.8057732055854356,-0.006871355862431816
2025-08-22,45.55,3.8188106237059674,0.013037418120531719
2025-08-25,45.15,3.8099902798629945,-0.008820343842972811
2025-08-26,45.11,3.8091039514203047,-0.0008863284426898765
2025-08-27,45.27,3.8126445614478675,0.003540610027562785
2025-08-28,44.63,3.7984062786411785,-0.014238282806688929
2025-08-29,44.66,3.799078246412012,0.0006719677708333371
2025-09-02,44.54,3.7963876618292214,-0.0026905845827904784
2025-09-03,44.3,3.7909846770510898,-0.005402984778131614
2025-09-04,44.3,3.7909846770510898,0.0
2025-09-05,44.15,3.787592927049969,-0.003391750001120908
2025-09-08,43.46,3.7718409748282835,-0.01575195222168535
2025-09-09,43.79,3.779405480813307,0.007564505985023562
2025-09-10,43.94,3.7828250669564643,0.003419586143157183
2025-09-11,44.2,3.7887247890836524,0.005899722127188145
2025-09-12,44.47,3.794814804522605,0.006090015438952712
2025-09-15,44.35,3.7921127087555884,-0.0027020957670167434
2025-09-16,43.64,3.77597416096487,-0.016138547790718327
2025-09-17,44.11,3.786686514116848,0.01071235315197816
2025-09-18,43.87,3.7812307151781224,-0.005455798938725831
2025-09-19,44.13,3.7871398232814557,0.005909108103333338
2025-09-22,44.28,3.790533107840436,0.0033932845589803584
2025-09-23,44.79,3.8019849002192085,0.011451792378772474
2025-09-24,45.31,3.813527758679047,0.011542858459838268
2025-09-25,45.09,3.8086604924329928,-0.004867266246054047
2025-09-26,45.73,3.822754537669964,0.014094045236971109
2025-09-29,45.9,3.8264651170664994,0.0037105793965355183
2025-09-30,46.27,3.8344938029189084,0.008028685852409012
2025-10-01,45.71,3.822317092343653,-0.012176710575255267
2025-10-02,45.45,3.816612820623488,-0.005704271720165188
2025-10-03,45.92,3.826900752011311,0.010287931387823246
2025-10-06,46.15,3.8318969609488613,0.004996208937550151
2025-10-07,45.96,3.827771452980555,-0.004125507968306241
2025-10-08,45.85,3.825375198702474,-0.0023962542780813223
2025-10-09,45.35,3.814410176561146,-0.010965022141327996
2025-10-10,45.79,3.824065726669004,0.009655550107858346
2025-10-13,45.96,3.827771452980555,0.003705726311550972
2025-10-14,46.52,3.839882327650464,0.012110874669908789
2025-10-15,47.04,3.8509983035903717,0.011115975939907763
2025-10-16,46.43,3.8379458020318302,-0.01305250155854143
2025-10-17,46.5,3.8394523125933104,0.0015065105614802121
2025-10-20,46.65,3.8426729272933526,0.0032206147000422014
2025-10-21,46.66,3.842887266593284,0.00021433929993142087
2025-10-22,46.45,3.8383764652598478,-0.004510801333436287
2025-10-23,46.19,3.832763324442514,-0.005613140817333662
2025-10-24,46.37,3.8366526984033693,0.0038893739608552025
2025-10-27,46.48,3.8390221125436557,0.0023694141402863522
2025-10-28,45.39,3.8152918164683745,-0.02373029607528121
2025-10-29,44.41,3.7934646693040106,-0.021827147164363847
2025-10-30,44.46,3.7945899085360506,0.0011252392320399984
2025-10-31,44.14,3.7873664008285903,-0.007223507707460275
2025-11-03,44.13,3.7871398232814557,-0.00022657754713462097
2025-11-04,44.29,3.790758917935107,0.003619094653651178
2025-11-05,44.05,3.7853253523821886,-0.005433565552918296
2025-11-06,44.08,3.786006164844659,0.0006808124624702039
2025-11-07,44.32,3.7914360424390283,0.0054298775943695254
2025-11-10,44.68,3.799525974201,0.008089931761971592
2025-11-11,45.38,3.8150714793516958,0.01554550515069586
2025-11-12,45.63,3.8205653949393112,0.005493915587615472
2025-11-13,44.97,3.805995600782616,-0.014569794156695348
2025-11-14,44.76,3.8013148834437245,-0.004680717338891416
2025-11-17,44.59,3.7975096186393853,-0.0038052648043391812
2025-11-18,44.14,3.7873664008285903,-0.010143217810794969
2025-11-19,44.08,3.786006164844659,-0.0013602359839315348
2025-11-20,44.13,3.7871398232814557,0.0011336584367969138
2025-11-21,44.3,3.7909846770510898,0.00384485376963406
2025-11-24,44.75,3.8010914447208646,0.010106767669774808
2025-11-25,44.85,3.803323588504805,0.0022321437839405434
2025-11-26,45.5,3.817712325956905,0.014388737452099676
2025-11-28,45.78,3.8238473145244205,0.006134988567515709
2025-12-01,44.86,3.803546529092062,-0.02030078543235847
2025-12-02,44.42,3.7936898184662815,-0.00985671062578053
2025-12-03,44.25,3.7898553714539385,-0.003834447012343034
2025-12-04,43.49,3.772531026609547,-0.017324344844391604
2025-12-05,43.38,3.7699985053987284,-0.0025325212108184836
2025-12-08,42.88,3.7584055167625467,-0.011592988636181634
2025-12-09,43.07,3.7628266990660193,0.004421182303472548
2025-12-10,42.89,3.758638698528789,-0.004188000537230341
2025-12-11,42.62,3.752323626670471,-0.006315071858317811
2025-12-12,43.05,3.7623622308737397,0.01003860420326852
2025-12-15,43.2,3.765840495250065,0.0034782643763251464
2025-12-16,43.07,3.7628266990660193,-0.003013796184045514
2025-12-17,43.07,3.7628266990660193,0.0
2025-12-18,43.27,3.7674595542367935,0.004632855170774164
2025-12-19,42.5,3.7495040759303713,-0.01795547830642219
2025-12-22,43.03,3.7618975468505083,0.012393470920136984
2025-12-23,42.98,3.7607348912143643,-0.0011626556361439278
2025-12-24,42.99,3.76096753050819,0.000232639293825887
2025-12-26,42.78,3.7560707036542595,-0.004896826853930669
2025-12-29,42.9,3.758871825933971,0.002801122279711521
2025-12-30,43.03,3.7618975468505083,0.003025720916537189
2025-12-31,42.7,3.754198920234579,-0.007698626615929349
2026-01-02,42.88,3.7584055167625467,0.004206596527967843
2026-01-05,42.18,3.7419461750506287,-0.016459341711918096
2026-01-06,42.59,3.751619483935122,0.009673308884493359
2026-01-07,42.16,3.741471904233107,-0.010147579702015186
2026-01-08,42.71,3.754433084853375,0.012961180620268298
2026-01-09,42.83,3.7572387916272794,0.0028057067739042374
2026-01-12,42.49,3.7492687541267204,-0.007970037500558913
2026-01-13,42.97,3.7605021977869035,0.011233443660183084
2026-01-14,43.48,3.7723010622530087,0.011798864466105119
2026-01-15,43.720001220703125,3.777805691229269,0.00550462897626014
2026-01-16,43.63999938964844,3.775974146978812,-0.0018315442504568402
2026-01-20,43.70000076293945,3.777348119560113,0.0013739725813008974
2026-01-21,43.70000076293945,3.777348119560113,0.0
2026-01-22,43.18,3.7653774250866614,-0.011970694473451449
2026-01-23,42.69,3.7539647007698704,-0.011412724316790968
2026-01-26,43.27,3.7674595542367935,0.013494853466923029
2026-01-27,43.86,3.781002742989742,0.013543188752948687
2026-01-28,43.51,3.772990796732589,-0.00801194625715329
2026-01-29,43.48,3.7723010622530087,-0.0006897344795802063
2026-01-30,43.68,3.7768903314366495,0.004589269183640887
2026-02-02,43.08,3.7630588522881876,-0.013831479148461945
2026-02-03,43.31,3.7683835552265355,0.005324702938347858
2026-02-04,43.65,3.776203282285611,0.007819727059075632
2026-02-05,43.97999954223633,3.7837349747181643,0.00753169243255325
2026-02-06,43.959999084472656,3.7832801087090475,-0.00045486600911681663
2026-02-09,44.29999923706055,3.7909846598289803,0.007704551119932734
2026-02-10,45.040000915527344,3.807551004158418,0.016566344329437932
2026-02-11,45.2400016784668,3.811981688349307,0.004430684190888989
2026-02-12,46.13999938964844,3.8316802395173553,0.019698551168048084
2026-02-13,46.97999954223633,3.8497219694869678,0.018041729969612508
2026-02-17,46.900001525878906,3.8480177079869646,-0.0017042615000031347
2026-02-18,46.4900016784668,3.8392372718063172,-0.008780436180647389
2026-02-19,46.72999954223633,3.8443863469164077,0.00514907511009044
2026-02-20,47.349998474121094,3.8575667874065553,0.01318044049014766
2026-02-23,48.130001068115234,3.8739057055073145,0.01633891810075916
2026-02-24,48.38999938964844,3.8792931681920515,0.005387462684736999
2026-02-25,48.40999984741211,3.879706400799612,0.000413232607560321
2026-02-26,48.58000183105469,3.883211961265559,0.0035055604659470774
2026-02-27,49.13999938964844,3.894673354672366,0.011461393406807296
2026-03-02,49.25,3.8969093676180977,0.0022360129457315026
2026-03-03,48.81999969482422,3.8881400587137738,-0.008769308904323925
2026-03-04,48.88999938964844,3.8895728641063743,0.0014328053926004891
2026-03-05,48.2599983215332,3.8766030254172166,-0.012969838689157687
2026-03-06,48.20000076293945,3.875359036885174,-0.0012439885320425503
2026-03-09,47.93000030517578,3.869741619538654,-0.005617417346519993
2026-03-10,47.59000015258789,3.862622658339321,-0.007118961199333196
2026-03-11,47.08000183105469,3.8518483212844856,-0.010774337054835215
2026-03-12,47.86000061035156,3.8682800952330805,0.016431773948594852
2026-03-13,48.349998474121094,3.878466190340277,0.010186095107196369
